name,run,index,step,timestamp,version,cpu_user,cpu_system,cpu_user_system,cpu_idle,cpu_iowait,memory_ram,memory_swap,memory_ram_swap,disk_read_count,disk_write_count,disk_read_bytes,disk_write_bytes,disk_read_time,disk_write_time,disk_busy_time,network_received_count,network_sent_count,network_received_bytes,network_sent_bytes,network_received_error,network_sent_error,network_received_drop,network_sent_drop
rpt-sansa: track2 / joins / join N-M / join 5-10 75percent,1,1,1,0.0,3,0.0,0.0,0.0,0.0,0.0,0,0,0,0,0,0,0,0,0,0,0,0,0,0,0,0,0,0
rpt-sansa: track2 / joins / join N-M / join 5-10 75percent,1,2,1,0.1045,3,0.08,0.06,0.14,0.28,0.02,491167744,0,491167744,0,134,0,1089536,0,119,28,0,0,0,0,0,0,0,0
rpt-sansa: track2 / joins / join N-M / join 5-10 75percent,1,3,1,0.2063,3,0.17,0.14,0.31000000000000005,0.48,0.03,503111680,0,503111680,0,212,0,1585152,0,151,64,0,0,0,0,0,0,0,0
rpt-sansa: track2 / joins / join N-M / join 5-10 75percent,1,4,1,0.3083,3,0.23,0.18,0.41000000000000003,0.79,0.03,513105920,0,513105920,0,215,0,1597440,0,153,72,0,0,0,0,0,0,0,0
rpt-sansa: track2 / joins / join N-M / join 5-10 75percent,1,5,1,0.4106,3,0.32,0.22,0.54,1.05,0.04,502665216,0,502665216,0,229,0,1748992,0,161,88,0,1,0,90,0,0,0,0
rpt-sansa: track2 / joins / join N-M / join 5-10 75percent,1,6,1,0.5129,3,0.46,0.24,0.7,1.29,0.04,503640064,0,503640064,0,229,0,1748992,0,161,88,0,1,0,90,0,0,0,0
rpt-sansa: track2 / joins / join N-M / join 5-10 75percent,1,7,1,0.6161,3,0.63,0.26,0.89,1.5,0.04,518606848,0,518606848,0,229,0,1748992,0,161,88,0,4,0,396,0,0,0,0
rpt-sansa: track2 / joins / join N-M / join 5-10 75percent,1,8,1,0.7189,3,0.88,0.28,1.1600000000000001,1.63,0.04,537702400,0,537702400,0,229,0,1748992,0,161,88,0,4,0,396,0,0,0,0
rpt-sansa: track2 / joins / join N-M / join 5-10 75percent,1,9,1,0.8213,3,1.15,0.29,1.44,1.75,0.04,549830656,0,549830656,0,229,0,1748992,0,161,88,0,4,0,396,0,0,0,0
rpt-sansa: track2 / joins / join N-M / join 5-10 75percent,1,10,1,0.9233,3,1.52,0.3,1.82,1.79,0.04,552927232,0,552927232,0,229,0,1748992,0,161,88,0,4,0,396,0,0,0,0
rpt-sansa: track2 / joins / join N-M / join 5-10 75percent,1,11,1,1.0252,3,1.81,0.32,2.13,1.87,0.04,559378432,0,559378432,0,229,0,1748992,0,161,88,0,4,0,396,0,0,0,0
rpt-sansa: track2 / joins / join N-M / join 5-10 75percent,1,12,1,1.1272,3,2.09,0.33,2.42,2.0,0.04,561442816,0,561442816,0,229,0,1748992,0,161,88,0,5,0,486,0,0,0,0
rpt-sansa: track2 / joins / join N-M / join 5-10 75percent,1,13,1,1.2291,3,2.25,0.33,2.58,2.23,0.04,564281344,0,564281344,0,229,0,1748992,0,161,88,0,5,0,486,0,0,0,0
rpt-sansa: track2 / joins / join N-M / join 5-10 75percent,1,14,1,1.3316,3,2.52,0.34,2.86,2.37,0.04,566087680,0,566087680,0,229,0,1748992,0,161,88,0,6,0,560,0,0,0,0
rpt-sansa: track2 / joins / join N-M / join 5-10 75percent,1,15,1,1.4336,3,2.86,0.35,3.21,2.45,0.04,574087168,0,574087168,0,229,0,1748992,0,161,88,0,6,0,560,0,0,0,0
rpt-sansa: track2 / joins / join N-M / join 5-10 75percent,1,16,1,1.5355,3,3.19,0.37,3.56,2.5,0.04,589053952,0,589053952,0,229,0,1748992,0,161,88,0,6,0,560,0,0,0,0
rpt-sansa: track2 / joins / join N-M / join 5-10 75percent,1,17,1,1.6374,3,3.46,0.37,3.83,2.64,0.04,590860288,0,590860288,0,229,0,1748992,0,161,88,0,10,0,940,0,0,0,0
rpt-sansa: track2 / joins / join N-M / join 5-10 75percent,1,18,1,1.7394,3,3.71,0.38,4.09,2.79,0.04,594731008,0,594731008,0,229,0,1748992,0,161,88,0,10,0,940,0,0,0,0
rpt-sansa: track2 / joins / join N-M / join 5-10 75percent,1,19,1,1.8412,3,3.88,0.39,4.27,3.01,0.04,597827584,0,597827584,0,229,0,1748992,0,161,88,0,10,0,940,0,0,0,0
rpt-sansa: track2 / joins / join N-M / join 5-10 75percent,1,20,1,1.9433,3,4.1,0.4,4.5,3.2,0.04,601440256,0,601440256,0,229,0,1748992,0,161,88,0,10,0,940,0,0,0,0
rpt-sansa: track2 / joins / join N-M / join 5-10 75percent,1,21,1,2.0453,3,4.32,0.41,4.73,3.39,0.04,609955840,0,609955840,0,229,0,1748992,0,161,88,0,10,0,940,0,0,0,0
rpt-sansa: track2 / joins / join N-M / join 5-10 75percent,1,22,1,2.1472,3,4.58,0.42,5.0,3.54,0.04,619503616,0,619503616,0,229,0,1748992,0,161,88,0,10,0,940,0,0,0,0
rpt-sansa: track2 / joins / join N-M / join 5-10 75percent,1,23,1,2.2491,3,4.82,0.44,5.260000000000001,3.68,0.04,605007872,0,605007872,0,229,0,1748992,0,161,88,1,11,54,1316,0,0,0,0
rpt-sansa: track2 / joins / join N-M / join 5-10 75percent,1,24,1,2.3512,3,5.08,0.45,5.53,3.82,0.04,618168320,0,618168320,0,229,0,1748992,0,161,88,2,12,128,1390,0,0,0,0
rpt-sansa: track2 / joins / join N-M / join 5-10 75percent,1,25,1,2.4536,3,5.33,0.46,5.79,3.96,0.04,625909760,0,625909760,0,229,0,1748992,0,161,88,2,13,128,1480,0,0,0,0
rpt-sansa: track2 / joins / join N-M / join 5-10 75percent,1,26,1,2.5556,3,5.58,0.47,6.05,4.12,0.04,631328768,0,631328768,0,229,0,1748992,0,161,88,2,13,128,1480,0,0,0,0
rpt-sansa: track2 / joins / join N-M / join 5-10 75percent,1,27,1,2.6576,3,5.96,0.48,6.4399999999999995,4.14,0.04,636198912,0,636198912,0,229,0,1748992,0,161,88,4,15,282,1653,0,0,0,0
rpt-sansa: track2 / joins / join N-M / join 5-10 75percent,1,28,1,2.7601,3,6.32,0.48,6.800000000000001,4.2,0.04,641617920,0,641617920,0,229,0,1748992,0,161,88,4,15,282,1653,0,0,0,0
rpt-sansa: track2 / joins / join N-M / join 5-10 75percent,1,29,1,2.862,3,6.68,0.49,7.17,4.24,0.04,648069120,0,648069120,0,229,0,1748992,0,161,88,4,15,282,1653,0,0,0,0
rpt-sansa: track2 / joins / join N-M / join 5-10 75percent,1,30,1,2.9638,3,7.02,0.49,7.51,4.29,0.04,652713984,0,652713984,0,229,0,1748992,0,161,88,4,15,282,1653,0,0,0,0
rpt-sansa: track2 / joins / join N-M / join 5-10 75percent,1,31,1,3.0657,3,7.36,0.52,7.880000000000001,4.34,0.04,660455424,0,660455424,0,229,0,1748992,0,161,88,6,17,1390,2897,0,0,0,0
rpt-sansa: track2 / joins / join N-M / join 5-10 75percent,1,32,1,3.1676,3,7.65,0.52,8.17,4.48,0.04,667680768,0,667680768,0,229,0,1748992,0,161,88,6,17,1390,2897,0,0,0,0
rpt-sansa: track2 / joins / join N-M / join 5-10 75percent,1,33,1,3.2695,3,7.86,0.54,8.4,4.62,0.04,674131968,0,674131968,0,229,0,1748992,0,161,88,6,17,1390,2897,0,0,0,0
rpt-sansa: track2 / joins / join N-M / join 5-10 75percent,1,34,1,3.3714,3,8.12,0.55,8.67,4.76,0.04,681873408,0,681873408,0,229,0,1748992,0,161,88,9,18,1564,2963,0,0,0,0
rpt-sansa: track2 / joins / join N-M / join 5-10 75percent,1,35,1,3.4734,3,8.43,0.56,8.99,4.84,0.04,689098752,0,689098752,0,229,0,1748992,0,161,88,9,18,1564,2963,0,0,0,0
rpt-sansa: track2 / joins / join N-M / join 5-10 75percent,1,36,1,3.5754,3,8.74,0.58,9.32,4.93,0.04,705355776,0,705355776,0,229,0,1748992,0,161,88,9,18,1564,2963,0,0,0,0
rpt-sansa: track2 / joins / join N-M / join 5-10 75percent,1,37,1,3.6777,3,9.02,0.58,9.6,5.04,0.04,707543040,0,707543040,0,231,0,1830912,0,161,92,10,18,1618,2963,0,0,0,0
rpt-sansa: track2 / joins / join N-M / join 5-10 75percent,1,38,1,3.7797,3,9.39,0.59,9.98,5.09,0.04,713220096,0,713220096,0,231,0,1830912,0,161,92,10,18,1618,2963,0,0,0,0
rpt-sansa: track2 / joins / join N-M / join 5-10 75percent,1,39,1,3.8816,3,9.7,0.59,10.29,5.17,0.04,720883712,0,720883712,4,231,69632,1830912,3,161,100,10,18,1618,2963,0,0,0,0
rpt-sansa: track2 / joins / join N-M / join 5-10 75percent,1,40,1,3.9836,3,10.04,0.6,10.639999999999999,5.25,0.04,722948096,0,722948096,4,231,69632,1830912,3,161,100,10,18,1618,2963,0,0,0,0
rpt-sansa: track2 / joins / join N-M / join 5-10 75percent,1,41,1,4.0855,3,10.32,0.61,10.93,5.36,0.04,722948096,0,722948096,4,231,69632,1830912,3,161,100,10,18,1618,2963,0,0,0,0
rpt-sansa: track2 / joins / join N-M / join 5-10 75percent,1,42,1,4.1876,3,10.63,0.61,11.24,5.47,0.04,722948096,0,722948096,4,232,69632,1835008,3,161,104,10,18,1618,2963,0,0,0,0
rpt-sansa: track2 / joins / join N-M / join 5-10 75percent,1,43,1,4.2894,3,10.9,0.62,11.52,5.58,0.04,724234240,0,724234240,4,232,69632,1835008,3,161,104,10,18,1618,2963,0,0,0,0
rpt-sansa: track2 / joins / join N-M / join 5-10 75percent,1,44,1,4.3914,3,11.14,0.62,11.76,5.74,0.04,725008384,0,725008384,4,232,69632,1835008,3,161,104,10,18,1618,2963,0,0,0,0
rpt-sansa: track2 / joins / join N-M / join 5-10 75percent,1,45,1,4.4933,3,11.14,0.62,11.76,6.14,0.04,725004288,0,725004288,4,232,69632,1835008,3,161,104,10,18,1618,2963,0,0,0,0
rpt-sansa: track2 / joins / join N-M / join 5-10 75percent,1,46,1,4.5954,3,11.14,0.63,11.770000000000001,6.55,0.04,725004288,0,725004288,4,232,69632,1835008,3,161,104,10,18,1618,2963,0,0,0,0
rpt-sansa: track2 / joins / join N-M / join 5-10 75percent,1,47,1,4.698,3,11.15,0.64,11.790000000000001,6.95,0.04,657743872,0,657743872,4,232,69632,1835008,3,161,104,10,18,1618,2963,0,0,0,0
rpt-sansa: track2 / joins / join N-M / join 5-10 75percent,1,48,1,4.8,3,11.18,0.7,11.879999999999999,7.25,0.04,472899584,0,472899584,4,262,69632,1937408,3,171,124,10,10,1618,2227,0,0,0,0
rpt-sansa: track2 / joins / join N-M / join 5-10 75percent,1,49,1,4.9019,3,11.23,0.75,11.98,7.53,0.07,473735168,0,473735168,4,516,69632,3362816,3,385,160,10,10,1618,2227,0,0,0,0
rpt-sansa: track2 / joins / join N-M / join 5-10 75percent,5,50,2,4.9003,3,10.91,0.83,11.74,7.59,0.11,482160640,0,482160640,127,511,3067904,3432448,67,400,276,0,2,0,220,0,0,0,0
rpt-sansa: track2 / joins / join N-M / join 5-10 75percent,5,51,2,5.0021,3,10.98,0.9,11.88,7.82,0.14,490414080,0,490414080,127,691,3067904,4845568,67,528,320,0,2,0,220,0,0,0,0
rpt-sansa: track2 / joins / join N-M / join 5-10 75percent,5,52,2,5.104,3,11.06,0.97,12.030000000000001,8.08,0.14,506085376,0,506085376,127,725,3067904,5013504,67,541,336,0,2,0,220,0,0,0,0
rpt-sansa: track2 / joins / join N-M / join 5-10 75percent,5,53,2,5.2059,3,11.1,1.01,12.11,8.4,0.14,495796224,0,495796224,127,734,3067904,5046272,67,545,344,0,3,0,310,0,0,0,0
rpt-sansa: track2 / joins / join N-M / join 5-10 75percent,5,54,2,5.3078,3,11.21,1.08,12.290000000000001,8.62,0.15,505319424,0,505319424,127,742,3067904,5177344,67,550,356,0,3,0,310,0,0,0,0
rpt-sansa: track2 / joins / join N-M / join 5-10 75percent,5,55,2,5.4096,3,11.34,1.09,12.43,8.87,0.15,522608640,0,522608640,127,742,3067904,5177344,67,550,356,0,3,0,310,0,0,0,0
rpt-sansa: track2 / joins / join N-M / join 5-10 75percent,5,56,2,5.5115,3,11.53,1.11,12.639999999999999,9.07,0.15,540413952,0,540413952,127,742,3067904,5177344,67,550,356,0,3,0,310,0,0,0,0
rpt-sansa: track2 / joins / join N-M / join 5-10 75percent,5,57,2,5.6133,3,11.8,1.13,12.93,9.19,0.15,552026112,0,552026112,127,742,3067904,5177344,67,550,356,0,3,0,310,0,0,0,0
rpt-sansa: track2 / joins / join N-M / join 5-10 75percent,5,58,2,5.7152,3,12.13,1.14,13.270000000000001,9.24,0.15,557187072,0,557187072,127,742,3067904,5177344,67,550,356,0,6,0,620,0,0,0,0
rpt-sansa: track2 / joins / join N-M / join 5-10 75percent,5,59,2,5.8171,3,12.48,1.16,13.64,9.27,0.15,562864128,0,562864128,127,742,3067904,5177344,67,550,356,0,6,0,620,0,0,0,0
rpt-sansa: track2 / joins / join N-M / join 5-10 75percent,5,60,2,5.919,3,12.76,1.17,13.93,9.37,0.15,565186560,0,565186560,127,742,3067904,5177344,67,550,356,0,6,0,620,0,0,0,0
rpt-sansa: track2 / joins / join N-M / join 5-10 75percent,5,61,2,6.0208,3,12.95,1.19,14.139999999999999,9.56,0.15,568283136,0,568283136,127,742,3067904,5177344,67,550,356,0,6,0,620,0,0,0,0
rpt-sansa: track2 / joins / join N-M / join 5-10 75percent,5,62,2,6.1227,3,13.25,1.2,14.45,9.67,0.15,571121664,0,571121664,127,742,3067904,5177344,67,550,356,0,6,0,620,0,0,0,0
rpt-sansa: track2 / joins / join N-M / join 5-10 75percent,5,63,2,6.2246,3,13.56,1.24,14.8,9.75,0.15,577056768,0,577056768,127,742,3067904,5177344,67,550,356,0,9,0,926,0,0,0,0
rpt-sansa: track2 / joins / join N-M / join 5-10 75percent,5,64,2,6.3264,3,13.85,1.28,15.129999999999999,9.83,0.15,592023552,0,592023552,127,742,3067904,5177344,67,550,356,0,9,0,926,0,0,0,0
rpt-sansa: track2 / joins / join N-M / join 5-10 75percent,5,65,2,6.4283,3,14.1,1.28,15.379999999999999,9.96,0.15,594604032,0,594604032,127,742,3067904,5177344,67,550,356,7,17,2176,3431,0,0,0,0
rpt-sansa: track2 / joins / join N-M / join 5-10 75percent,5,66,2,6.5302,3,14.41,1.32,15.73,10.04,0.15,598732800,0,598732800,127,742,3067904,5177344,67,550,356,7,17,2176,3431,0,0,0,0
rpt-sansa: track2 / joins / join N-M / join 5-10 75percent,5,67,2,6.6321,3,14.54,1.33,15.87,10.3,0.15,601571328,0,601571328,127,743,3067904,5181440,67,551,360,12,22,3174,3732,0,0,0,0
rpt-sansa: track2 / joins / join N-M / join 5-10 75percent,5,68,2,6.734,3,14.77,1.34,16.11,10.46,0.15,604147712,0,604147712,127,743,3067904,5181440,67,551,360,12,22,3174,3732,0,0,0,0
rpt-sansa: track2 / joins / join N-M / join 5-10 75percent,5,69,2,6.8362,3,15.01,1.34,16.35,10.64,0.15,612405248,0,612405248,127,743,3067904,5181440,67,551,360,12,22,3174,3732,0,0,0,0
rpt-sansa: track2 / joins / join N-M / join 5-10 75percent,5,70,2,6.9384,3,15.25,1.35,16.6,10.8,0.15,621694976,0,621694976,127,743,3067904,5181440,67,551,360,12,22,3174,3732,0,0,0,0
rpt-sansa: track2 / joins / join N-M / join 5-10 75percent,5,71,2,7.0403,3,15.5,1.37,16.87,10.93,0.15,602083328,0,602083328,127,743,3067904,5181440,67,551,360,12,22,3174,3732,0,0,0,0
rpt-sansa: track2 / joins / join N-M / join 5-10 75percent,5,72,2,7.1422,3,15.75,1.38,17.13,11.08,0.15,611889152,0,611889152,127,743,3067904,5181440,67,551,360,12,22,3174,3732,0,0,0,0
rpt-sansa: track2 / joins / join N-M / join 5-10 75percent,5,73,2,7.2442,3,16.04,1.39,17.43,11.19,0.15,621178880,0,621178880,127,743,3067904,5181440,67,551,360,12,24,3174,3892,0,0,0,0
rpt-sansa: track2 / joins / join N-M / join 5-10 75percent,5,74,2,7.3461,3,16.25,1.4,17.65,11.37,0.15,626597888,0,626597888,127,743,3067904,5181440,67,551,360,12,24,3174,3892,0,0,0,0
rpt-sansa: track2 / joins / join N-M / join 5-10 75percent,5,75,2,7.4479,3,16.62,1.4,18.02,11.41,0.15,630468608,0,630468608,127,743,3067904,5181440,67,551,360,12,24,3174,3892,0,0,0,0
rpt-sansa: track2 / joins / join N-M / join 5-10 75percent,5,76,2,7.5498,3,16.94,1.41,18.35,11.47,0.15,636145664,0,636145664,127,743,3067904,5181440,67,551,360,12,24,3174,3892,0,0,0,0
rpt-sansa: track2 / joins / join N-M / join 5-10 75percent,5,77,2,7.6517,3,17.3,1.41,18.71,11.52,0.15,641822720,0,641822720,127,743,3067904,5181440,67,551,360,12,24,3174,3892,0,0,0,0
rpt-sansa: track2 / joins / join N-M / join 5-10 75percent,5,78,2,7.7535,3,17.61,1.43,19.04,11.58,0.15,646725632,0,646725632,127,743,3067904,5181440,67,551,360,12,24,3174,3892,0,0,0,0
rpt-sansa: track2 / joins / join N-M / join 5-10 75percent,5,79,2,7.8555,3,17.92,1.44,19.360000000000003,11.67,0.15,650854400,0,650854400,127,743,3067904,5181440,67,551,360,12,24,3174,3892,0,0,0,0
rpt-sansa: track2 / joins / join N-M / join 5-10 75percent,5,80,2,7.9573,3,18.18,1.46,19.64,11.79,0.15,659111936,0,659111936,127,743,3067904,5181440,67,551,360,12,25,3174,3982,0,0,0,0
rpt-sansa: track2 / joins / join N-M / join 5-10 75percent,5,81,2,8.0594,3,18.51,1.48,19.990000000000002,11.85,0.15,668143616,0,668143616,127,743,3067904,5181440,67,551,360,12,25,3174,3982,0,0,0,0
rpt-sansa: track2 / joins / join N-M / join 5-10 75percent,5,82,2,8.1614,3,18.82,1.48,20.3,11.94,0.15,675110912,0,675110912,127,743,3067904,5181440,67,551,360,12,25,3174,3982,0,0,0,0
rpt-sansa: track2 / joins / join N-M / join 5-10 75percent,5,83,2,8.2633,3,19.14,1.5,20.64,12.02,0.15,693174272,0,693174272,127,743,3067904,5181440,67,551,360,12,25,3174,3982,0,0,0,0
rpt-sansa: track2 / joins / join N-M / join 5-10 75percent,5,84,2,8.3652,3,19.45,1.5,20.95,12.1,0.15,701689856,0,701689856,127,743,3067904,5181440,67,551,360,12,25,3174,3982,0,0,0,0
rpt-sansa: track2 / joins / join N-M / join 5-10 75percent,5,85,2,8.4677,3,19.77,1.51,21.28,12.19,0.15,704909312,0,704909312,127,745,3067904,5263360,67,551,364,12,25,3174,3982,0,0,0,0
rpt-sansa: track2 / joins / join N-M / join 5-10 75percent,5,86,2,8.5704,3,20.11,1.52,21.63,12.25,0.15,706715648,0,706715648,127,745,3067904,5263360,67,551,364,12,25,3174,3982,0,0,0,0
rpt-sansa: track2 / joins / join N-M / join 5-10 75percent,5,87,2,8.6732,3,20.3,1.52,21.82,12.41,0.17,708268032,0,708268032,250,745,4354048,5263360,106,551,456,12,25,3174,3982,0,0,0,0
rpt-sansa: track2 / joins / join N-M / join 5-10 75percent,5,88,2,8.7761,3,20.56,1.53,22.09,12.55,0.18,708964352,0,708964352,283,745,4689920,5263360,117,551,508,12,25,3174,3982,0,0,0,0
rpt-sansa: track2 / joins / join N-M / join 5-10 75percent,5,89,2,8.879,3,20.9,1.53,22.43,12.61,0.18,710692864,0,710692864,283,745,4689920,5263360,117,551,508,12,25,3174,3982,0,0,0,0
rpt-sansa: track2 / joins / join N-M / join 5-10 75percent,5,90,2,8.9808,3,21.22,1.56,22.779999999999998,12.67,0.18,713596928,0,713596928,301,746,4882432,5267456,126,551,544,12,25,3174,3982,0,0,0,0
rpt-sansa: track2 / joins / join N-M / join 5-10 75percent,5,91,2,9.0839,3,21.55,1.56,23.11,12.73,0.19,713883648,0,713883648,332,746,5103616,5267456,135,551,576,12,25,3174,3982,0,0,0,0
rpt-sansa: track2 / joins / join N-M / join 5-10 75percent,5,92,2,9.1869,3,21.9,1.58,23.479999999999997,12.78,0.19,714387456,0,714387456,335,746,5115904,5267456,137,551,584,12,25,3174,3982,0,0,0,0
rpt-sansa: track2 / joins / join N-M / join 5-10 75percent,5,93,2,9.2898,3,22.16,1.59,23.75,12.9,0.19,718508032,0,718508032,339,746,5136384,5267456,139,551,596,12,25,3174,3982,0,0,0,0
rpt-sansa: track2 / joins / join N-M / join 5-10 75percent,5,94,2,9.392,3,22.16,1.6,23.76,13.31,0.19,718491648,0,718491648,339,746,5136384,5267456,139,551,596,12,25,3174,3982,0,0,0,0
rpt-sansa: track2 / joins / join N-M / join 5-10 75percent,5,95,2,9.494,3,22.16,1.6,23.76,13.71,0.19,718491648,0,718491648,339,747,5136384,5271552,139,551,604,12,25,3174,3982,0,0,0,0
rpt-sansa: track2 / joins / join N-M / join 5-10 75percent,5,96,2,9.5971,3,22.16,1.6,23.76,14.11,0.19,685756416,0,685756416,339,747,5136384,5271552,139,551,604,12,25,3174,3982,0,0,0,0
rpt-sansa: track2 / joins / join N-M / join 5-10 75percent,5,97,2,9.6991,3,22.2,1.66,23.86,14.43,0.2,478752768,0,478752768,339,768,5136384,5345280,139,560,624,20,25,3910,3982,0,0,0,0
rpt-sansa: track2 / joins / join N-M / join 5-10 75percent,5,98,2,9.8013,3,22.26,1.7,23.96,14.7,0.22,485732352,0,485732352,339,1025,5136384,6791168,139,839,656,12,17,3174,3246,0,0,0,0
rpt-sansa: track2 / joins / join N-M / join 5-10 75percent,2,99,3,10.0067,3,22.74,1.71,24.45,15.1,0.2,488886272,0,488886272,155,1023,1740800,6778880,65,863,520,2,6,96,1269,0,0,0,0
rpt-sansa: track2 / joins / join N-M / join 5-10 75percent,2,100,3,10.1085,3,22.83,1.8,24.63,15.3,0.22,503074816,0,503074816,155,1203,1740800,8241152,65,982,584,2,6,96,1269,0,0,0,0
rpt-sansa: track2 / joins / join N-M / join 5-10 75percent,2,101,3,10.2103,3,22.9,1.84,24.74,15.58,0.22,510709760,0,510709760,155,1207,1740800,8249344,65,983,588,2,6,96,1269,0,0,0,0
rpt-sansa: track2 / joins / join N-M / join 5-10 75percent,2,102,3,10.3122,3,22.91,1.9,24.81,15.91,0.23,512749568,0,512749568,156,1210,1757184,8261632,65,985,600,2,6,96,1269,0,0,0,0
rpt-sansa: track2 / joins / join N-M / join 5-10 75percent,2,103,3,10.4141,3,23.01,1.96,24.970000000000002,16.11,0.25,516272128,0,516272128,174,1313,2162688,12677120,77,1154,688,2,7,96,1359,0,0,0,0
rpt-sansa: track2 / joins / join N-M / join 5-10 75percent,2,104,3,10.516,3,23.14,1.97,25.11,16.36,0.25,520155136,0,520155136,174,1313,2162688,12677120,77,1154,688,2,7,96,1359,0,0,0,0
rpt-sansa: track2 / joins / join N-M / join 5-10 75percent,2,105,3,10.6179,3,23.29,1.99,25.279999999999998,16.6,0.25,535638016,0,535638016,174,1313,2162688,12677120,77,1154,688,2,7,96,1359,0,0,0,0
rpt-sansa: track2 / joins / join N-M / join 5-10 75percent,2,106,3,10.7209,3,23.51,2.02,25.53,16.74,0.25,545443840,0,545443840,174,1313,2162688,12677120,77,1154,688,2,8,96,1449,0,0,0,0
rpt-sansa: track2 / joins / join N-M / join 5-10 75percent,2,107,3,10.8233,3,23.77,2.05,25.82,16.88,0.25,555507712,0,555507712,174,1313,2162688,12677120,77,1154,688,2,10,96,1669,0,0,0,0
rpt-sansa: track2 / joins / join N-M / join 5-10 75percent,2,108,3,10.9254,3,24.11,2.05,26.16,16.93,0.25,558424064,0,558424064,174,1313,2162688,12677120,77,1154,688,2,10,96,1669,0,0,0,0
rpt-sansa: track2 / joins / join N-M / join 5-10 75percent,2,109,3,11.0273,3,24.49,2.05,26.54,16.96,0.25,559714304,0,559714304,174,1313,2162688,12677120,77,1154,688,2,10,96,1669,0,0,0,0
rpt-sansa: track2 / joins / join N-M / join 5-10 75percent,2,110,3,11.1295,3,24.83,2.06,26.889999999999997,17.01,0.25,563585024,0,563585024,174,1313,2162688,12677120,77,1154,688,2,11,96,1755,0,0,0,0
rpt-sansa: track2 / joins / join N-M / join 5-10 75percent,2,111,3,11.2315,3,25.01,2.08,27.090000000000003,17.22,0.25,566681600,0,566681600,174,1313,2162688,12677120,77,1154,688,2,11,96,1755,0,0,0,0
rpt-sansa: track2 / joins / join N-M / join 5-10 75percent,2,112,3,11.3334,3,25.29,2.08,27.369999999999997,17.35,0.25,568487936,0,568487936,174,1313,2162688,12677120,77,1154,688,2,11,96,1755,0,0,0,0
rpt-sansa: track2 / joins / join N-M / join 5-10 75percent,2,113,3,11.4356,3,25.57,2.1,27.67,17.45,0.25,574681088,0,574681088,174,1313,2162688,12677120,77,1154,688,2,11,96,1755,0,0,0,0
rpt-sansa: track2 / joins / join N-M / join 5-10 75percent,2,114,3,11.5377,3,25.89,2.12,28.01,17.51,0.25,586035200,0,586035200,174,1313,2162688,12677120,77,1154,688,2,13,96,1975,0,0,0,0
rpt-sansa: track2 / joins / join N-M / join 5-10 75percent,2,115,3,11.6397,3,26.17,2.12,28.290000000000003,17.61,0.25,594034688,0,594034688,174,1313,2162688,12677120,77,1154,688,2,13,96,1975,0,0,0,0
rpt-sansa: track2 / joins / join N-M / join 5-10 75percent,2,116,3,11.7422,3,26.46,2.12,28.580000000000002,17.74,0.25,597647360,0,597647360,174,1313,2162688,12677120,77,1154,688,2,13,96,1975,0,0,0,0
rpt-sansa: track2 / joins / join N-M / join 5-10 75percent,2,117,3,11.8441,3,26.71,2.12,28.830000000000002,17.88,0.25,604356608,0,604356608,174,1313,2162688,12677120,77,1154,688,2,13,96,1975,0,0,0,0
rpt-sansa: track2 / joins / join N-M / join 5-10 75percent,2,118,3,11.946,3,26.95,2.13,29.08,18.04,0.25,606937088,0,606937088,174,1313,2162688,12677120,77,1154,688,2,13,96,1975,0,0,0,0
rpt-sansa: track2 / joins / join N-M / join 5-10 75percent,2,119,3,12.0479,3,27.16,2.14,29.3,18.22,0.25,613646336,0,613646336,174,1313,2162688,12677120,77,1154,688,2,13,96,1975,0,0,0,0
rpt-sansa: track2 / joins / join N-M / join 5-10 75percent,2,120,3,12.1507,3,27.38,2.15,29.529999999999998,18.4,0.25,620613632,0,620613632,174,1313,2162688,12677120,77,1154,688,2,15,96,2135,0,0,0,0
rpt-sansa: track2 / joins / join N-M / join 5-10 75percent,2,121,3,12.2534,3,27.71,2.17,29.880000000000003,18.48,0.25,639967232,0,639967232,174,1313,2162688,12677120,77,1154,688,2,15,96,2135,0,0,0,0
rpt-sansa: track2 / joins / join N-M / join 5-10 75percent,2,122,3,12.3553,3,27.94,2.19,30.130000000000003,18.62,0.25,616996864,0,616996864,174,1313,2162688,12677120,77,1154,688,2,15,96,2135,0,0,0,0
rpt-sansa: track2 / joins / join N-M / join 5-10 75percent,2,123,3,12.4572,3,28.24,2.19,30.43,18.72,0.25,626028544,0,626028544,174,1313,2162688,12677120,77,1154,688,2,15,96,2135,0,0,0,0
rpt-sansa: track2 / joins / join N-M / join 5-10 75percent,2,124,3,12.5592,3,28.47,2.2,30.669999999999998,18.9,0.25,632221696,0,632221696,174,1313,2162688,12677120,77,1154,688,2,15,96,2135,0,0,0,0
rpt-sansa: track2 / joins / join N-M / join 5-10 75percent,2,125,3,12.6614,3,28.76,2.2,30.96,19.02,0.25,636866560,0,636866560,174,1313,2162688,12677120,77,1154,688,2,15,96,2135,0,0,0,0
rpt-sansa: track2 / joins / join N-M / join 5-10 75percent,2,126,3,12.7633,3,29.11,2.2,31.31,19.07,0.25,641253376,0,641253376,174,1313,2162688,12677120,77,1154,688,2,15,96,2135,0,0,0,0
rpt-sansa: track2 / joins / join N-M / join 5-10 75percent,2,127,3,12.8652,3,29.46,2.21,31.67,19.12,0.25,646930432,0,646930432,174,1313,2162688,12677120,77,1154,688,2,15,96,2135,0,0,0,0
rpt-sansa: track2 / joins / join N-M / join 5-10 75percent,2,128,3,12.9672,3,29.82,2.22,32.04,19.18,0.25,653381632,0,653381632,174,1313,2162688,12677120,77,1154,688,2,15,96,2135,0,0,0,0
rpt-sansa: track2 / joins / join N-M / join 5-10 75percent,2,129,3,13.0691,3,30.15,2.23,32.379999999999995,19.24,0.25,657768448,0,657768448,174,1313,2162688,12677120,77,1154,688,2,15,96,2135,0,0,0,0
rpt-sansa: track2 / joins / join N-M / join 5-10 75percent,2,130,3,13.1711,3,30.49,2.24,32.73,19.31,0.25,664219648,0,664219648,174,1313,2162688,12677120,77,1154,688,2,16,96,2225,0,0,0,0
rpt-sansa: track2 / joins / join N-M / join 5-10 75percent,2,131,3,13.273,3,30.79,2.25,33.04,19.4,0.25,672477184,0,672477184,174,1313,2162688,12677120,77,1154,688,2,16,96,2225,0,0,0,0
rpt-sansa: track2 / joins / join N-M / join 5-10 75percent,2,132,3,13.3751,3,31.13,2.27,33.4,19.45,0.25,681242624,0,681242624,174,1313,2162688,12677120,77,1154,688,2,16,96,2225,0,0,0,0
rpt-sansa: track2 / joins / join N-M / join 5-10 75percent,2,133,3,13.477,3,31.43,2.28,33.71,19.53,0.25,688467968,0,688467968,174,1313,2162688,12677120,77,1154,688,2,16,96,2225,0,0,0,0
rpt-sansa: track2 / joins / join N-M / join 5-10 75percent,2,134,3,13.579,3,31.73,2.3,34.03,19.63,0.25,707305472,0,707305472,174,1313,2162688,12677120,77,1154,688,2,16,96,2225,0,0,0,0
rpt-sansa: track2 / joins / join N-M / join 5-10 75percent,2,135,3,13.6808,3,32.02,2.31,34.330000000000005,19.73,0.25,709885952,0,709885952,174,1315,2162688,12759040,77,1154,692,2,16,96,2225,0,0,0,0
rpt-sansa: track2 / joins / join N-M / join 5-10 75percent,2,136,3,13.7829,3,32.38,2.32,34.7,19.77,0.25,712073216,0,712073216,174,1315,2162688,12759040,77,1154,692,2,16,96,2225,0,0,0,0
rpt-sansa: track2 / joins / join N-M / join 5-10 75percent,2,137,3,13.8853,3,32.65,2.33,34.98,19.9,0.25,713875456,0,713875456,174,1315,2162688,12759040,77,1154,692,2,16,96,2225,0,0,0,0
rpt-sansa: track2 / joins / join N-M / join 5-10 75percent,2,138,3,13.9873,3,32.92,2.34,35.260000000000005,20.02,0.25,716193792,0,716193792,175,1315,2166784,12759040,78,1154,696,2,16,96,2225,0,0,0,0
rpt-sansa: track2 / joins / join N-M / join 5-10 75percent,2,139,3,14.0892,3,33.19,2.35,35.54,20.13,0.26,718770176,0,718770176,206,1315,2424832,12759040,87,1154,732,2,16,96,2225,0,0,0,0
rpt-sansa: track2 / joins / join N-M / join 5-10 75percent,2,140,3,14.1911,3,33.25,2.35,35.6,20.48,0.26,718766080,0,718766080,206,1315,2424832,12759040,87,1154,732,2,16,96,2225,0,0,0,0
rpt-sansa: track2 / joins / join N-M / join 5-10 75percent,2,141,3,14.2936,3,33.25,2.35,35.6,20.89,0.26,718766080,0,718766080,206,1315,2424832,12759040,87,1154,732,2,16,96,2225,0,0,0,0
rpt-sansa: track2 / joins / join N-M / join 5-10 75percent,2,142,3,14.3958,3,33.25,2.35,35.6,21.3,0.26,718766080,0,718766080,206,1315,2424832,12759040,87,1154,732,2,16,96,2225,0,0,0,0
rpt-sansa: track2 / joins / join N-M / join 5-10 75percent,2,143,3,14.4983,3,33.28,2.4,35.68,21.61,0.26,481439744,0,481439744,206,1328,2424832,12808192,87,1159,752,2,16,96,2225,0,0,0,0
rpt-sansa: track2 / joins / join N-M / join 5-10 75percent,2,144,3,14.6006,3,33.29,2.45,35.74,21.88,0.3,483876864,0,483876864,206,1588,2424832,14233600,87,1394,800,2,8,96,1489,0,0,0,0
rpt-sansa: track2 / joins / join N-M / join 5-10 75percent,3,145,4,14.6,3,32.49,2.6,35.09,22.57,0.23,492449792,0,492449792,0,1529,0,10227712,0,1210,500,1,8,66,792,0,0,0,0
rpt-sansa: track2 / joins / join N-M / join 5-10 75percent,3,146,4,14.703,3,32.52,2.86,35.38,22.64,0.27,509100032,0,509100032,3,2670,32768,70344704,7,2520,648,1,8,66,792,0,0,0,0
rpt-sansa: track2 / joins / join N-M / join 5-10 75percent,3,147,4,14.8048,3,32.59,2.93,35.52,22.87,0.3,510799872,0,510799872,3,2789,32768,78774272,7,2678,704,1,8,66,792,0,0,0,0
rpt-sansa: track2 / joins / join N-M / join 5-10 75percent,3,148,4,14.9066,3,32.63,2.99,35.620000000000005,23.16,0.3,530857984,0,530857984,3,2792,32768,78786560,7,2680,712,1,8,66,792,0,0,0,0
rpt-sansa: track2 / joins / join N-M / join 5-10 75percent,3,149,4,15.0085,3,32.7,3.06,35.760000000000005,23.41,0.3,518529024,0,518529024,3,2806,32768,78938112,7,2687,728,1,9,66,882,0,0,0,0
rpt-sansa: track2 / joins / join N-M / join 5-10 75percent,3,150,4,15.1105,3,32.84,3.07,35.910000000000004,23.64,0.3,533766144,0,533766144,3,2806,32768,78938112,7,2687,728,1,9,66,882,0,0,0,0
rpt-sansa: track2 / joins / join N-M / join 5-10 75percent,3,151,4,15.2137,3,33.07,3.1,36.17,23.79,0.3,544604160,0,544604160,3,2806,32768,78938112,7,2687,728,1,10,66,972,0,0,0,0
rpt-sansa: track2 / joins / join N-M / join 5-10 75percent,3,152,4,15.3156,3,33.29,3.13,36.42,23.96,0.3,550711296,0,550711296,3,2806,32768,78938112,7,2687,728,1,10,66,972,0,0,0,0
rpt-sansa: track2 / joins / join N-M / join 5-10 75percent,3,153,4,15.4187,3,33.56,3.15,36.71,24.06,0.3,560517120,0,560517120,3,2806,32768,78938112,7,2687,728,1,12,66,1192,0,0,0,0
rpt-sansa: track2 / joins / join N-M / join 5-10 75percent,3,154,4,15.5205,3,33.94,3.16,37.099999999999994,24.08,0.3,564903936,0,564903936,3,2806,32768,78938112,7,2687,728,1,13,66,1278,0,0,0,0
rpt-sansa: track2 / joins / join N-M / join 5-10 75percent,3,155,4,15.6224,3,34.3,3.16,37.459999999999994,24.12,0.3,572129280,0,572129280,3,2806,32768,78938112,7,2687,728,1,15,66,1498,0,0,0,0
rpt-sansa: track2 / joins / join N-M / join 5-10 75percent,3,156,4,15.7243,3,34.54,3.16,37.7,24.29,0.3,574967808,0,574967808,3,2806,32768,78938112,7,2687,728,1,15,66,1498,0,0,0,0
rpt-sansa: track2 / joins / join N-M / join 5-10 75percent,3,157,4,15.8261,3,34.85,3.17,38.02,24.4,0.3,577290240,0,577290240,3,2806,32768,78938112,7,2687,728,1,15,66,1498,0,0,0,0
rpt-sansa: track2 / joins / join N-M / join 5-10 75percent,3,158,4,15.928,3,35.14,3.19,38.33,24.5,0.3,583225344,0,583225344,3,2806,32768,78938112,7,2687,728,1,15,66,1498,0,0,0,0
rpt-sansa: track2 / joins / join N-M / join 5-10 75percent,3,159,4,16.0299,3,35.48,3.2,38.68,24.55,0.3,590708736,0,590708736,3,2806,32768,78938112,7,2687,728,1,15,66,1498,0,0,0,0
rpt-sansa: track2 / joins / join N-M / join 5-10 75percent,3,160,4,16.1318,3,35.82,3.21,39.03,24.62,0.3,603095040,0,603095040,3,2806,32768,78938112,7,2687,728,1,15,66,1498,0,0,0,0
rpt-sansa: track2 / joins / join N-M / join 5-10 75percent,3,161,4,16.2336,3,36.1,3.22,39.32,24.72,0.3,605933568,0,605933568,3,2806,32768,78938112,7,2687,728,1,15,66,1498,0,0,0,0
rpt-sansa: track2 / joins / join N-M / join 5-10 75percent,3,162,4,16.3354,3,36.34,3.24,39.580000000000005,24.87,0.3,610836480,0,610836480,3,2806,32768,78938112,7,2687,728,1,15,66,1498,0,0,0,0
rpt-sansa: track2 / joins / join N-M / join 5-10 75percent,3,163,4,16.4374,3,36.56,3.25,39.81,25.06,0.3,613416960,0,613416960,3,2806,32768,78938112,7,2687,728,1,15,66,1498,0,0,0,0
rpt-sansa: track2 / joins / join N-M / join 5-10 75percent,3,164,4,16.5393,3,36.77,3.26,40.03,25.24,0.3,618319872,0,618319872,3,2806,32768,78938112,7,2687,728,1,17,66,1658,0,0,0,0
rpt-sansa: track2 / joins / join N-M / join 5-10 75percent,3,165,4,16.6416,3,36.97,3.27,40.24,25.43,0.3,626319360,0,626319360,3,2806,32768,78938112,7,2687,728,1,17,66,1658,0,0,0,0
rpt-sansa: track2 / joins / join N-M / join 5-10 75percent,3,166,4,16.7437,3,37.26,3.28,40.54,25.55,0.3,633028608,0,633028608,3,2806,32768,78938112,7,2687,728,1,17,66,1658,0,0,0,0
rpt-sansa: track2 / joins / join N-M / join 5-10 75percent,3,167,4,16.8458,3,37.48,3.3,40.779999999999994,25.69,0.3,615997440,0,615997440,3,2806,32768,78938112,7,2687,728,1,17,66,1658,0,0,0,0
rpt-sansa: track2 / joins / join N-M / join 5-10 75percent,3,168,4,16.948,3,37.74,3.33,41.07,25.82,0.3,626061312,0,626061312,3,2806,32768,78938112,7,2687,728,1,17,66,1658,0,0,0,0
rpt-sansa: track2 / joins / join N-M / join 5-10 75percent,3,169,4,17.0501,3,38.02,3.34,41.36,25.93,0.3,632512512,0,632512512,3,2806,32768,78938112,7,2687,728,2,18,120,2445,0,0,0,0
rpt-sansa: track2 / joins / join N-M / join 5-10 75percent,3,170,4,17.1519,3,38.33,3.34,41.67,26.02,0.3,637415424,0,637415424,3,2806,32768,78938112,7,2687,728,2,18,120,2445,0,0,0,0
rpt-sansa: track2 / joins / join N-M / join 5-10 75percent,3,171,4,17.2549,3,38.68,3.35,42.03,26.05,0.3,641544192,0,641544192,3,2806,32768,78938112,7,2687,728,2,18,120,2445,0,0,0,0
rpt-sansa: track2 / joins / join N-M / join 5-10 75percent,3,172,4,17.357,3,39.03,3.36,42.39,26.1,0.3,647221248,0,647221248,3,2806,32768,78938112,7,2687,728,2,19,120,2535,0,0,0,0
rpt-sansa: track2 / joins / join N-M / join 5-10 75percent,3,173,4,17.4589,3,39.38,3.37,42.75,26.15,0.3,653672448,0,653672448,3,2806,32768,78938112,7,2687,728,2,19,120,2535,0,0,0,0
rpt-sansa: track2 / joins / join N-M / join 5-10 75percent,3,174,4,17.5619,3,39.71,3.38,43.09,26.22,0.3,661155840,0,661155840,3,2806,32768,78938112,7,2687,728,2,19,120,2535,0,0,0,0
rpt-sansa: track2 / joins / join N-M / join 5-10 75percent,3,175,4,17.6642,3,40.0,3.39,43.39,26.33,0.3,666832896,0,666832896,3,2806,32768,78938112,7,2687,728,2,19,120,2535,0,0,0,0
rpt-sansa: track2 / joins / join N-M / join 5-10 75percent,3,176,4,17.7665,3,40.32,3.39,43.71,26.42,0.3,674058240,0,674058240,3,2806,32768,78938112,7,2687,728,2,19,120,2535,0,0,0,0
rpt-sansa: track2 / joins / join N-M / join 5-10 75percent,3,177,4,17.8685,3,40.67,3.4,44.07,26.48,0.3,683347968,0,683347968,3,2806,32768,78938112,7,2687,728,2,19,120,2535,0,0,0,0
rpt-sansa: track2 / joins / join N-M / join 5-10 75percent,3,178,4,17.9704,3,40.96,3.4,44.36,26.59,0.3,690573312,0,690573312,3,2806,32768,78938112,7,2687,728,2,19,120,2535,0,0,0,0
rpt-sansa: track2 / joins / join N-M / join 5-10 75percent,3,179,4,18.0723,3,41.26,3.42,44.68,26.68,0.3,710701056,0,710701056,3,2806,32768,78938112,7,2687,728,2,19,120,2535,0,0,0,0
rpt-sansa: track2 / joins / join N-M / join 5-10 75percent,3,180,4,18.1742,3,41.53,3.44,44.97,26.79,0.3,720506880,0,720506880,3,2806,32768,78938112,7,2687,728,2,19,120,2535,0,0,0,0
rpt-sansa: track2 / joins / join N-M / join 5-10 75percent,3,181,4,18.276,3,41.87,3.45,45.32,26.85,0.3,722677760,0,722677760,3,2808,32768,79020032,7,2687,732,2,19,120,2535,0,0,0,0
rpt-sansa: track2 / joins / join N-M / join 5-10 75percent,3,182,4,18.3779,3,42.18,3.45,45.63,26.94,0.3,726806528,0,726806528,3,2808,32768,79020032,7,2687,732,2,19,120,2535,0,0,0,0
rpt-sansa: track2 / joins / join N-M / join 5-10 75percent,3,183,4,18.48,3,42.4,3.46,45.86,27.13,0.3,728870912,0,728870912,3,2808,32768,79020032,7,2687,732,2,19,120,2535,0,0,0,0
rpt-sansa: track2 / joins / join N-M / join 5-10 75percent,3,184,4,18.5818,3,42.58,3.46,46.04,27.33,0.3,731963392,0,731963392,3,2808,32768,79020032,7,2687,732,2,19,120,2535,0,0,0,0
rpt-sansa: track2 / joins / join N-M / join 5-10 75percent,3,185,4,18.6837,3,42.89,3.47,46.36,27.44,0.3,734801920,0,734801920,3,2808,32768,79020032,7,2687,732,2,19,120,2535,0,0,0,0
rpt-sansa: track2 / joins / join N-M / join 5-10 75percent,3,186,4,18.7857,3,43.2,3.48,46.68,27.52,0.3,740986880,0,740986880,3,2808,32768,79020032,7,2687,732,2,19,120,2535,0,0,0,0
rpt-sansa: track2 / joins / join N-M / join 5-10 75percent,3,187,4,18.8876,3,43.54,3.49,47.03,27.59,0.3,747438080,0,747438080,3,2808,32768,79020032,7,2687,732,2,19,120,2535,0,0,0,0
rpt-sansa: track2 / joins / join N-M / join 5-10 75percent,3,188,4,18.9895,3,43.81,3.5,47.31,27.71,0.3,747667456,0,747667456,3,2808,32768,79020032,7,2687,732,2,19,120,2535,0,0,0,0
rpt-sansa: track2 / joins / join N-M / join 5-10 75percent,3,189,4,19.0913,3,44.12,3.5,47.62,27.8,0.3,749989888,0,749989888,3,2808,32768,79020032,7,2687,732,2,19,120,2535,0,0,0,0
rpt-sansa: track2 / joins / join N-M / join 5-10 75percent,3,190,4,19.1932,3,44.46,3.5,47.96,27.87,0.3,752312320,0,752312320,3,2808,32768,79020032,7,2687,732,2,19,120,2535,0,0,0,0
rpt-sansa: track2 / joins / join N-M / join 5-10 75percent,3,191,4,19.2952,3,44.71,3.52,48.230000000000004,28.0,0.3,755666944,0,755666944,3,2809,32768,79028224,7,2687,736,2,19,120,2535,0,0,0,0
rpt-sansa: track2 / joins / join N-M / join 5-10 75percent,3,192,4,19.3972,3,44.92,3.53,48.45,28.18,0.3,757460992,0,757460992,3,2809,32768,79028224,7,2687,736,2,19,120,2535,0,0,0,0
rpt-sansa: track2 / joins / join N-M / join 5-10 75percent,3,193,4,19.499,3,45.23,3.53,48.76,28.27,0.3,760266752,0,760266752,3,2809,32768,79028224,7,2687,736,2,19,120,2535,0,0,0,0
rpt-sansa: track2 / joins / join N-M / join 5-10 75percent,3,194,4,19.6009,3,45.51,3.55,49.059999999999995,28.38,0.3,762847232,0,762847232,3,2809,32768,79028224,7,2687,736,2,19,120,2535,0,0,0,0
rpt-sansa: track2 / joins / join N-M / join 5-10 75percent,3,195,4,19.7028,3,45.8,3.56,49.36,28.49,0.3,765685760,0,765685760,3,2809,32768,79028224,7,2687,736,2,19,120,2535,0,0,0,0
rpt-sansa: track2 / joins / join N-M / join 5-10 75percent,3,196,4,19.8051,3,46.08,3.64,49.72,28.54,0.3,771321856,0,771321856,3,3073,32768,87670784,7,2923,764,2,19,120,2535,0,0,0,0
rpt-sansa: track2 / joins / join N-M / join 5-10 75percent,3,197,4,19.907,3,46.25,3.64,49.89,28.77,0.3,771579904,0,771579904,3,3073,32768,87670784,7,2923,764,2,19,120,2535,0,0,0,0
rpt-sansa: track2 / joins / join N-M / join 5-10 75percent,3,198,4,20.0095,3,46.46,3.65,50.11,28.97,0.3,774934528,0,774934528,3,3075,32768,87719936,7,2925,768,2,19,120,2535,0,0,0,0
rpt-sansa: track2 / joins / join N-M / join 5-10 75percent,3,199,4,20.1114,3,46.66,3.67,50.33,29.14,0.3,775954432,0,775954432,3,3075,32768,87719936,7,2925,768,2,19,120,2535,0,0,0,0
rpt-sansa: track2 / joins / join N-M / join 5-10 75percent,3,200,4,20.2134,3,46.94,3.67,50.61,29.28,0.3,777502720,0,777502720,3,3075,32768,87719936,7,2925,768,2,19,120,2535,0,0,0,0
rpt-sansa: track2 / joins / join N-M / join 5-10 75percent,3,201,4,20.3153,3,47.25,3.68,50.93,29.37,0.3,778276864,0,778276864,3,3075,32768,87719936,7,2925,768,2,19,120,2535,0,0,0,0
rpt-sansa: track2 / joins / join N-M / join 5-10 75percent,3,202,4,20.4172,3,47.65,3.68,51.33,29.39,0.3,779051008,0,779051008,3,3075,32768,87719936,7,2925,768,2,19,120,2535,0,0,0,0
rpt-sansa: track2 / joins / join N-M / join 5-10 75percent,3,203,4,20.519,3,47.93,3.68,51.61,29.52,0.3,780857344,0,780857344,3,3075,32768,87719936,7,2925,768,2,19,120,2535,0,0,0,0
rpt-sansa: track2 / joins / join N-M / join 5-10 75percent,3,204,4,20.621,3,48.12,3.68,51.8,29.73,0.3,782405632,0,782405632,3,3075,32768,87719936,7,2925,768,2,19,120,2535,0,0,0,0
rpt-sansa: track2 / joins / join N-M / join 5-10 75percent,3,205,4,20.7229,3,48.23,3.69,51.919999999999995,30.02,0.3,784470016,0,784470016,3,3075,32768,87719936,7,2925,768,2,19,120,2535,0,0,0,0
rpt-sansa: track2 / joins / join N-M / join 5-10 75percent,3,206,4,20.8249,3,48.34,3.7,52.040000000000006,30.3,0.3,785760256,0,785760256,3,3075,32768,87719936,7,2925,768,2,19,120,2535,0,0,0,0
rpt-sansa: track2 / joins / join N-M / join 5-10 75percent,3,207,4,20.9273,3,48.59,3.71,52.300000000000004,30.46,0.3,788082688,0,788082688,3,3075,32768,87719936,7,2925,768,2,19,120,2535,0,0,0,0
rpt-sansa: track2 / joins / join N-M / join 5-10 75percent,3,208,4,21.0292,3,48.76,3.72,52.48,30.7,0.3,790921216,0,790921216,3,3075,32768,87719936,7,2925,768,2,20,120,2605,0,0,0,0
rpt-sansa: track2 / joins / join N-M / join 5-10 75percent,3,209,4,21.131,3,49.08,3.73,52.809999999999995,30.78,0.3,796598272,0,796598272,3,3075,32768,87719936,7,2925,768,2,20,120,2605,0,0,0,0
rpt-sansa: track2 / joins / join N-M / join 5-10 75percent,3,210,4,21.2332,3,49.35,3.74,53.09,30.92,0.3,803819520,0,803819520,3,3075,32768,87719936,7,2925,768,2,20,120,2605,0,0,0,0
rpt-sansa: track2 / joins / join N-M / join 5-10 75percent,3,211,4,21.3354,3,49.52,3.75,53.27,31.14,0.3,814399488,0,814399488,3,3075,32768,87719936,7,2925,768,2,20,120,2605,0,0,0,0
rpt-sansa: track2 / joins / join N-M / join 5-10 75percent,3,212,4,21.4375,3,49.76,3.76,53.519999999999996,31.3,0.3,820334592,0,820334592,3,3075,32768,87719936,7,2925,768,2,20,120,2605,0,0,0,0
rpt-sansa: track2 / joins / join N-M / join 5-10 75percent,3,213,4,21.5393,3,49.93,3.78,53.71,31.52,0.3,828694528,0,828694528,3,3075,32768,87719936,7,2925,768,2,20,120,2605,0,0,0,0
rpt-sansa: track2 / joins / join N-M / join 5-10 75percent,3,214,4,21.6413,3,50.09,3.78,53.870000000000005,31.76,0.3,837210112,0,837210112,3,3075,32768,87719936,7,2925,768,2,20,120,2605,0,0,0,0
rpt-sansa: track2 / joins / join N-M / join 5-10 75percent,3,215,4,21.7433,3,50.31,3.79,54.1,31.93,0.3,848822272,0,848822272,3,3075,32768,87719936,7,2925,768,2,20,120,2605,0,0,0,0
rpt-sansa: track2 / joins / join N-M / join 5-10 75percent,3,216,4,21.8453,3,50.62,3.8,54.419999999999995,32.02,0.3,859144192,0,859144192,3,3075,32768,87719936,7,2925,768,2,20,120,2605,0,0,0,0
rpt-sansa: track2 / joins / join N-M / join 5-10 75percent,3,217,4,21.948,3,50.9,3.82,54.72,32.14,0.3,868687872,0,868687872,3,3075,32768,87719936,7,2925,768,2,20,120,2605,0,0,0,0
rpt-sansa: track2 / joins / join N-M / join 5-10 75percent,3,218,4,22.0499,3,51.21,3.83,55.04,32.21,0.3,882880512,0,882880512,3,3075,32768,87719936,7,2925,768,2,20,120,2605,0,0,0,0
rpt-sansa: track2 / joins / join N-M / join 5-10 75percent,3,219,4,22.1518,3,51.54,3.84,55.379999999999995,32.28,0.3,890359808,0,890359808,3,3075,32768,87719936,7,2925,768,2,20,120,2605,0,0,0,0
rpt-sansa: track2 / joins / join N-M / join 5-10 75percent,3,220,4,22.2538,3,51.87,3.84,55.709999999999994,32.34,0.3,846565376,0,846565376,3,3075,32768,87719936,7,2925,768,2,20,120,2605,0,0,0,0
rpt-sansa: track2 / joins / join N-M / join 5-10 75percent,3,221,4,22.3556,3,52.26,3.85,56.11,32.36,0.3,853667840,0,853667840,3,3075,32768,87719936,7,2925,768,2,20,120,2605,0,0,0,0
rpt-sansa: track2 / joins / join N-M / join 5-10 75percent,3,222,4,22.4575,3,52.63,3.85,56.480000000000004,32.39,0.3,866824192,0,866824192,3,3075,32768,87719936,7,2925,768,2,20,120,2605,0,0,0,0
rpt-sansa: track2 / joins / join N-M / join 5-10 75percent,3,223,4,22.5594,3,53.02,3.86,56.88,32.4,0.3,882049024,0,882049024,3,3075,32768,87719936,7,2925,768,2,20,120,2605,0,0,0,0
rpt-sansa: track2 / joins / join N-M / join 5-10 75percent,3,224,4,22.6613,3,53.41,3.87,57.279999999999994,32.4,0.3,900112384,0,900112384,3,3075,32768,87719936,7,2925,768,2,20,120,2605,0,0,0,0
rpt-sansa: track2 / joins / join N-M / join 5-10 75percent,3,225,4,22.7631,3,53.8,3.88,57.68,32.4,0.3,914305024,0,914305024,3,3075,32768,87719936,7,2925,768,2,20,120,2605,0,0,0,0
rpt-sansa: track2 / joins / join N-M / join 5-10 75percent,3,226,4,22.865,3,54.19,3.9,58.089999999999996,32.41,0.3,916885504,0,916885504,3,3075,32768,87719936,7,2925,768,2,20,120,2605,0,0,0,0
rpt-sansa: track2 / joins / join N-M / join 5-10 75percent,3,227,4,22.9669,3,54.58,3.91,58.489999999999995,32.42,0.3,921530368,0,921530368,3,3075,32768,87719936,7,2925,768,2,20,120,2605,0,0,0,0
rpt-sansa: track2 / joins / join N-M / join 5-10 75percent,3,228,4,23.0689,3,54.98,3.92,58.9,32.42,0.3,921788416,0,921788416,3,3075,32768,87719936,7,2925,768,2,20,120,2605,0,0,0,0
rpt-sansa: track2 / joins / join N-M / join 5-10 75percent,3,229,4,23.1711,3,55.38,3.92,59.300000000000004,32.42,0.3,922304512,0,922304512,3,3075,32768,87719936,7,2925,768,2,20,120,2605,0,0,0,0
rpt-sansa: track2 / joins / join N-M / join 5-10 75percent,3,230,4,23.2731,3,55.78,3.93,59.71,32.43,0.3,922554368,0,922554368,3,3075,32768,87719936,7,2925,768,2,20,120,2605,0,0,0,0
rpt-sansa: track2 / joins / join N-M / join 5-10 75percent,3,231,4,23.3749,3,56.16,3.94,60.099999999999994,32.45,0.3,943198208,0,943198208,3,3075,32768,87719936,7,2925,768,2,20,120,2605,0,0,0,0
rpt-sansa: track2 / joins / join N-M / join 5-10 75percent,3,232,4,23.4768,3,56.54,3.96,60.5,32.45,0.3,976744448,0,976744448,3,3075,32768,87719936,7,2925,768,2,20,120,2605,0,0,0,0
rpt-sansa: track2 / joins / join N-M / join 5-10 75percent,3,233,4,23.5787,3,56.89,4.0,60.89,32.46,0.3,1030676480,0,1030676480,3,3075,32768,87719936,7,2925,768,2,20,120,2605,0,0,0,0
rpt-sansa: track2 / joins / join N-M / join 5-10 75percent,3,234,4,23.6806,3,57.27,4.03,61.300000000000004,32.46,0.3,1085898752,0,1085898752,3,3075,32768,87719936,7,2925,768,2,20,120,2605,0,0,0,0
rpt-sansa: track2 / joins / join N-M / join 5-10 75percent,3,235,4,23.7825,3,57.63,4.07,61.7,32.47,0.3,1156345856,0,1156345856,3,3075,32768,87719936,7,2925,768,2,20,120,2605,0,0,0,0
rpt-sansa: track2 / joins / join N-M / join 5-10 75percent,3,236,4,23.8843,3,58.04,4.07,62.11,32.47,0.3,1170796544,0,1170796544,3,3075,32768,87719936,7,2925,768,2,20,120,2605,0,0,0,0
rpt-sansa: track2 / joins / join N-M / join 5-10 75percent,3,237,4,23.9861,3,58.43,4.07,62.5,32.48,0.3,1171054592,0,1171054592,3,3075,32768,87719936,7,2925,768,2,20,120,2605,0,0,0,0
rpt-sansa: track2 / joins / join N-M / join 5-10 75percent,3,238,4,24.0886,3,58.84,4.07,62.910000000000004,32.49,0.3,1171312640,0,1171312640,3,3075,32768,87719936,7,2925,768,2,20,120,2605,0,0,0,0
rpt-sansa: track2 / joins / join N-M / join 5-10 75percent,3,239,4,24.1905,3,59.22,4.07,63.29,32.5,0.3,1172602880,0,1172602880,3,3075,32768,87719936,7,2925,768,2,20,120,2605,0,0,0,0
rpt-sansa: track2 / joins / join N-M / join 5-10 75percent,3,240,4,24.2924,3,59.62,4.07,63.69,32.52,0.3,1172602880,0,1172602880,3,3075,32768,87719936,7,2925,768,2,20,120,2605,0,0,0,0
rpt-sansa: track2 / joins / join N-M / join 5-10 75percent,3,241,4,24.3942,3,60.02,4.07,64.09,32.52,0.3,1172602880,0,1172602880,3,3075,32768,87719936,7,2925,768,2,20,120,2605,0,0,0,0
rpt-sansa: track2 / joins / join N-M / join 5-10 75percent,3,242,4,24.4961,3,60.4,4.09,64.49,32.53,0.3,1219567616,0,1219567616,3,3075,32768,87719936,7,2925,768,2,20,120,2605,0,0,0,0
rpt-sansa: track2 / joins / join N-M / join 5-10 75percent,3,243,4,24.5979,3,60.73,4.16,64.89,32.53,0.3,1337753600,0,1337753600,3,3075,32768,87719936,7,2925,768,2,20,120,2605,0,0,0,0
rpt-sansa: track2 / joins / join N-M / join 5-10 75percent,3,244,4,24.6998,3,61.04,4.25,65.28999999999999,32.53,0.3,1492582400,0,1492582400,3,3075,32768,87719936,7,2925,768,2,20,120,2605,0,0,0,0
rpt-sansa: track2 / joins / join N-M / join 5-10 75percent,3,245,4,24.8017,3,61.38,4.32,65.7,32.53,0.3,1615929344,0,1615929344,3,3075,32768,87719936,7,2925,768,2,20,120,2605,0,0,0,0
rpt-sansa: track2 / joins / join N-M / join 5-10 75percent,3,246,4,24.9035,3,61.78,4.32,66.1,32.54,0.3,1615929344,0,1615929344,3,3075,32768,87719936,7,2925,768,2,20,120,2605,0,0,0,0
rpt-sansa: track2 / joins / join N-M / join 5-10 75percent,3,247,4,25.0056,3,62.18,4.32,66.5,32.54,0.3,1615929344,0,1615929344,3,3075,32768,87719936,7,2925,768,2,20,120,2605,0,0,0,0
rpt-sansa: track2 / joins / join N-M / join 5-10 75percent,3,248,4,25.1075,3,62.57,4.33,66.9,32.54,0.3,1616175104,0,1616175104,7,3077,69632,87732224,10,2927,788,2,20,120,2605,0,0,0,0
rpt-sansa: track2 / joins / join N-M / join 5-10 75percent,3,249,4,25.2094,3,62.95,4.35,67.3,32.54,0.3,1617207296,0,1617207296,7,3154,69632,100241408,10,3135,840,2,20,120,2605,0,0,0,0
rpt-sansa: track2 / joins / join N-M / join 5-10 75percent,3,250,4,25.3125,3,63.36,4.35,67.71,32.54,0.3,1617281024,0,1617281024,7,3154,69632,100241408,10,3135,840,2,20,120,2605,0,0,0,0
rpt-sansa: track2 / joins / join N-M / join 5-10 75percent,3,251,4,25.4147,3,63.76,4.36,68.12,32.54,0.3,1619861504,0,1619861504,7,3154,69632,100241408,10,3135,840,2,20,120,2605,0,0,0,0
rpt-sansa: track2 / joins / join N-M / join 5-10 75percent,3,252,4,25.5167,3,64.17,4.36,68.53,32.55,0.3,1619861504,0,1619861504,7,3154,69632,100241408,10,3135,840,2,20,120,2605,0,0,0,0
rpt-sansa: track2 / joins / join N-M / join 5-10 75percent,3,253,4,25.6187,3,64.57,4.36,68.92999999999999,32.55,0.3,1619861504,0,1619861504,7,3154,69632,100241408,10,3135,840,2,20,120,2605,0,0,0,0
rpt-sansa: track2 / joins / join N-M / join 5-10 75percent,3,254,4,25.7205,3,64.98,4.36,69.34,32.55,0.3,1621151744,0,1621151744,7,3154,69632,100241408,10,3135,840,2,20,120,2605,0,0,0,0
rpt-sansa: track2 / joins / join N-M / join 5-10 75percent,3,255,4,25.8224,3,65.38,4.36,69.74,32.55,0.3,1631215616,0,1631215616,7,3154,69632,100241408,10,3135,840,2,20,120,2605,0,0,0,0
rpt-sansa: track2 / joins / join N-M / join 5-10 75percent,3,256,4,25.9242,3,65.76,4.37,70.13000000000001,32.57,0.3,1648517120,0,1648517120,7,3154,69632,100241408,10,3135,840,2,20,120,2605,0,0,0,0
rpt-sansa: track2 / joins / join N-M / join 5-10 75percent,3,257,4,26.026,3,66.1,4.42,70.52,32.58,0.3,1737801728,0,1737801728,7,3154,69632,100241408,10,3135,840,2,20,120,2605,0,0,0,0
rpt-sansa: track2 / joins / join N-M / join 5-10 75percent,3,258,4,26.1279,3,66.43,4.48,70.91000000000001,32.6,0.3,1842311168,0,1842311168,7,3154,69632,100241408,10,3135,840,2,20,120,2605,0,0,0,0
rpt-sansa: track2 / joins / join N-M / join 5-10 75percent,3,259,4,26.2297,3,66.76,4.54,71.30000000000001,32.6,0.3,1941659648,0,1941659648,7,3154,69632,100241408,10,3135,840,2,20,120,2605,0,0,0,0
rpt-sansa: track2 / joins / join N-M / join 5-10 75percent,3,260,4,26.3316,3,67.1,4.61,71.71,32.6,0.3,2044362752,0,2044362752,7,3154,69632,100241408,10,3135,840,2,20,120,2605,0,0,0,0
rpt-sansa: track2 / joins / join N-M / join 5-10 75percent,3,261,4,26.4335,3,67.44,4.67,72.11,32.6,0.3,2157387776,0,2157387776,7,3154,69632,100241408,10,3135,840,2,20,120,2605,0,0,0,0
rpt-sansa: track2 / joins / join N-M / join 5-10 75percent,3,262,4,26.5353,3,67.8,4.71,72.50999999999999,32.61,0.3,2248478720,0,2248478720,7,3154,69632,100241408,10,3135,840,2,20,120,2605,0,0,0,0
rpt-sansa: track2 / joins / join N-M / join 5-10 75percent,3,263,4,26.6372,3,68.16,4.76,72.92,32.61,0.3,2306539520,0,2306539520,7,3154,69632,100241408,10,3135,840,2,20,120,2605,0,0,0,0
rpt-sansa: track2 / joins / join N-M / join 5-10 75percent,3,264,4,26.7391,3,68.56,4.76,73.32000000000001,32.61,0.3,2312732672,0,2312732672,7,3154,69632,100241408,10,3135,840,2,20,120,2605,0,0,0,0
rpt-sansa: track2 / joins / join N-M / join 5-10 75percent,3,265,4,26.841,3,68.96,4.77,73.72999999999999,32.61,0.3,2312732672,0,2312732672,7,3154,69632,100241408,10,3135,840,2,20,120,2605,0,0,0,0
rpt-sansa: track2 / joins / join N-M / join 5-10 75percent,3,266,4,26.9429,3,69.36,4.78,74.14,32.61,0.3,2312990720,0,2312990720,7,3154,69632,100241408,10,3135,840,2,20,120,2605,0,0,0,0
rpt-sansa: track2 / joins / join N-M / join 5-10 75percent,3,267,4,27.0448,3,69.76,4.79,74.55000000000001,32.61,0.3,2312990720,0,2312990720,7,3154,69632,100241408,10,3135,840,2,20,120,2605,0,0,0,0
rpt-sansa: track2 / joins / join N-M / join 5-10 75percent,3,268,4,27.1466,3,70.16,4.79,74.95,32.61,0.3,2313506816,0,2313506816,7,3154,69632,100241408,10,3135,840,2,20,120,2605,0,0,0,0
rpt-sansa: track2 / joins / join N-M / join 5-10 75percent,3,269,4,27.2485,3,70.58,4.79,75.37,32.61,0.3,2313760768,0,2313760768,7,3154,69632,100241408,10,3135,840,2,20,120,2605,0,0,0,0
rpt-sansa: track2 / joins / join N-M / join 5-10 75percent,3,270,4,27.3504,3,70.97,4.8,75.77,32.61,0.3,2319122432,0,2319122432,7,3154,69632,100241408,10,3135,840,2,20,120,2605,0,0,0,0
rpt-sansa: track2 / joins / join N-M / join 5-10 75percent,3,271,4,27.4523,3,71.39,4.8,76.19,32.61,0.3,2319122432,0,2319122432,7,3154,69632,100241408,10,3135,840,2,20,120,2605,0,0,0,0
rpt-sansa: track2 / joins / join N-M / join 5-10 75percent,3,272,4,27.5541,3,71.78,4.8,76.58,32.62,0.3,2319380480,0,2319380480,7,3154,69632,100241408,10,3135,840,2,20,120,2605,0,0,0,0
rpt-sansa: track2 / joins / join N-M / join 5-10 75percent,3,273,4,27.6561,3,72.15,4.82,76.97,32.64,0.3,2334826496,0,2334826496,7,3154,69632,100241408,10,3135,840,2,20,120,2605,0,0,0,0
rpt-sansa: track2 / joins / join N-M / join 5-10 75percent,3,274,4,27.758,3,72.37,4.84,77.21000000000001,32.8,0.3,2344628224,0,2344628224,7,3154,69632,100241408,10,3135,840,2,20,120,2605,0,0,0,0
rpt-sansa: track2 / joins / join N-M / join 5-10 75percent,3,275,4,27.86,3,72.6,4.84,77.44,32.98,0.3,2345660416,0,2345660416,7,3154,69632,100241408,10,3135,840,2,20,120,2605,0,0,0,0
rpt-sansa: track2 / joins / join N-M / join 5-10 75percent,3,276,4,27.9619,3,72.73,4.84,77.57000000000001,33.25,0.3,2345660416,0,2345660416,7,3154,69632,100241408,10,3135,840,2,20,120,2605,0,0,0,0
rpt-sansa: track2 / joins / join N-M / join 5-10 75percent,3,277,4,28.0638,3,72.83,4.84,77.67,33.55,0.3,2345660416,0,2345660416,7,3154,69632,100241408,10,3135,840,2,20,120,2605,0,0,0,0
rpt-sansa: track2 / joins / join N-M / join 5-10 75percent,3,278,4,28.1657,3,73.2,4.84,78.04,33.59,0.3,2345660416,0,2345660416,7,3154,69632,100241408,10,3135,840,2,20,120,2605,0,0,0,0
rpt-sansa: track2 / joins / join N-M / join 5-10 75percent,3,279,4,28.2676,3,73.57,4.84,78.41,33.63,0.3,2347466752,0,2347466752,7,3154,69632,100241408,10,3135,840,2,20,120,2605,0,0,0,0
rpt-sansa: track2 / joins / join N-M / join 5-10 75percent,3,280,4,28.3695,3,73.86,4.85,78.71,33.73,0.3,2350047232,0,2350047232,7,3154,69632,100241408,10,3135,840,2,20,120,2605,0,0,0,0
rpt-sansa: track2 / joins / join N-M / join 5-10 75percent,3,281,4,28.4713,3,74.13,4.85,78.97999999999999,33.87,0.3,2350276608,0,2350276608,7,3155,69632,100249600,10,3135,844,2,20,120,2605,0,0,0,0
rpt-sansa: track2 / joins / join N-M / join 5-10 75percent,3,282,4,28.5733,3,74.26,4.85,79.11,34.15,0.3,2350276608,0,2350276608,7,3155,69632,100249600,10,3135,844,2,20,120,2605,0,0,0,0
rpt-sansa: track2 / joins / join N-M / join 5-10 75percent,3,283,4,28.6752,3,74.46,4.85,79.30999999999999,34.35,0.3,2350276608,0,2350276608,7,3155,69632,100249600,10,3135,844,2,20,120,2605,0,0,0,0
rpt-sansa: track2 / joins / join N-M / join 5-10 75percent,3,284,4,28.7772,3,74.68,4.85,79.53,34.55,0.3,2350276608,0,2350276608,7,3155,69632,100249600,10,3135,844,2,20,120,2605,0,0,0,0
rpt-sansa: track2 / joins / join N-M / join 5-10 75percent,3,285,4,28.8792,3,74.89,4.85,79.74,34.75,0.3,2350276608,0,2350276608,7,3155,69632,100249600,10,3135,844,2,20,120,2605,0,0,0,0
rpt-sansa: track2 / joins / join N-M / join 5-10 75percent,3,286,4,28.9811,3,75.14,4.85,79.99,34.91,0.3,2350276608,0,2350276608,7,3155,69632,100249600,10,3135,844,2,20,120,2605,0,0,0,0
rpt-sansa: track2 / joins / join N-M / join 5-10 75percent,3,287,4,29.083,3,75.46,4.85,80.30999999999999,34.99,0.3,2350276608,0,2350276608,7,3155,69632,100249600,10,3135,844,2,20,120,2605,0,0,0,0
rpt-sansa: track2 / joins / join N-M / join 5-10 75percent,3,288,4,29.185,3,75.78,4.85,80.63,35.09,0.3,2350276608,0,2350276608,7,3155,69632,100249600,10,3135,844,2,20,120,2605,0,0,0,0
rpt-sansa: track2 / joins / join N-M / join 5-10 75percent,3,289,4,29.2871,3,76.08,4.85,80.92999999999999,35.18,0.3,2350276608,0,2350276608,7,3155,69632,100249600,10,3135,844,2,20,120,2605,0,0,0,0
rpt-sansa: track2 / joins / join N-M / join 5-10 75percent,3,290,4,29.3891,3,76.4,4.85,81.25,35.28,0.3,2350276608,0,2350276608,7,3155,69632,100249600,10,3135,844,2,20,120,2605,0,0,0,0
rpt-sansa: track2 / joins / join N-M / join 5-10 75percent,3,291,4,29.4909,3,76.77,4.85,81.61999999999999,35.3,0.3,2350276608,0,2350276608,7,3155,69632,100249600,10,3135,844,2,20,120,2605,0,0,0,0
rpt-sansa: track2 / joins / join N-M / join 5-10 75percent,3,292,4,29.5928,3,77.14,4.85,81.99,35.34,0.3,2350276608,0,2350276608,7,3155,69632,100249600,10,3135,844,2,20,120,2605,0,0,0,0
rpt-sansa: track2 / joins / join N-M / join 5-10 75percent,3,293,4,29.6947,3,77.4,4.85,82.25,35.48,0.3,2350276608,0,2350276608,7,3155,69632,100249600,10,3135,844,2,20,120,2605,0,0,0,0
rpt-sansa: track2 / joins / join N-M / join 5-10 75percent,3,294,4,29.7966,3,77.79,4.85,82.64,35.51,0.3,2350276608,0,2350276608,7,3155,69632,100249600,10,3135,844,2,21,120,2675,0,0,0,0
rpt-sansa: track2 / joins / join N-M / join 5-10 75percent,3,295,4,29.8985,3,78.19,4.85,83.03999999999999,35.51,0.3,2350276608,0,2350276608,7,3155,69632,100249600,10,3135,844,2,21,120,2675,0,0,0,0
rpt-sansa: track2 / joins / join N-M / join 5-10 75percent,3,296,4,30.0003,3,78.59,4.85,83.44,35.52,0.3,2350276608,0,2350276608,7,3156,69632,100253696,10,3136,848,2,21,120,2675,0,0,0,0
rpt-sansa: track2 / joins / join N-M / join 5-10 75percent,3,297,4,30.1022,3,78.98,4.85,83.83,35.53,0.3,2350276608,0,2350276608,7,3156,69632,100253696,10,3136,848,2,21,120,2675,0,0,0,0
rpt-sansa: track2 / joins / join N-M / join 5-10 75percent,3,298,4,30.204,3,79.33,4.85,84.17999999999999,35.59,0.3,2358018048,0,2358018048,7,3156,69632,100253696,10,3136,848,2,21,120,2675,0,0,0,0
rpt-sansa: track2 / joins / join N-M / join 5-10 75percent,3,299,4,30.3058,3,79.55,4.86,84.41,35.75,0.31,2369372160,0,2369372160,7,3276,69632,100798464,10,3250,860,2,21,120,2675,0,0,0,0
rpt-sansa: track2 / joins / join N-M / join 5-10 75percent,3,300,4,30.4077,3,79.8,4.89,84.69,35.88,0.31,2376458240,0,2376458240,7,3278,69632,100823040,10,3251,868,2,21,120,2675,0,0,0,0
rpt-sansa: track2 / joins / join N-M / join 5-10 75percent,3,301,4,30.5097,3,80.08,4.92,85.0,35.97,0.31,2386558976,0,2386558976,7,3278,69632,100823040,10,3251,868,2,21,120,2675,0,0,0,0
rpt-sansa: track2 / joins / join N-M / join 5-10 75percent,3,302,4,30.6116,3,80.46,4.93,85.38999999999999,36.0,0.31,2404818944,0,2404818944,7,3278,69632,100823040,10,3251,868,2,21,120,2675,0,0,0,0
rpt-sansa: track2 / joins / join N-M / join 5-10 75percent,3,303,4,30.7135,3,80.83,4.96,85.78999999999999,36.0,0.31,2435784704,0,2435784704,7,3278,69632,100823040,10,3251,868,2,21,120,2675,0,0,0,0
rpt-sansa: track2 / joins / join N-M / join 5-10 75percent,3,304,4,30.8153,3,81.21,4.98,86.19,36.0,0.31,2475524096,0,2475524096,7,3278,69632,100823040,10,3251,868,2,21,120,2675,0,0,0,0
rpt-sansa: track2 / joins / join N-M / join 5-10 75percent,3,305,4,30.9171,3,81.62,4.98,86.60000000000001,36.0,0.31,2501324800,0,2501324800,7,3278,69632,100823040,10,3251,868,3,22,174,3051,0,0,0,0
rpt-sansa: track2 / joins / join N-M / join 5-10 75percent,3,306,4,31.019,3,82.02,4.98,87.0,36.0,0.31,2503647232,0,2503647232,7,3278,69632,100823040,10,3251,868,3,22,174,3051,0,0,0,0
rpt-sansa: track2 / joins / join N-M / join 5-10 75percent,3,307,4,31.1209,3,82.44,4.98,87.42,36.0,0.31,2504679424,0,2504679424,7,3278,69632,100823040,10,3251,868,3,22,174,3051,0,0,0,0
rpt-sansa: track2 / joins / join N-M / join 5-10 75percent,3,308,4,31.2227,3,82.81,4.99,87.8,36.01,0.31,2510614528,0,2510614528,7,3278,69632,100823040,10,3251,868,3,22,174,3051,0,0,0,0
rpt-sansa: track2 / joins / join N-M / join 5-10 75percent,3,309,4,31.3247,3,83.22,4.99,88.21,36.01,0.31,2512936960,0,2512936960,7,3278,69632,100823040,10,3251,868,3,22,174,3051,0,0,0,0
rpt-sansa: track2 / joins / join N-M / join 5-10 75percent,3,310,4,31.4265,3,83.62,5.0,88.62,36.02,0.31,2512936960,0,2512936960,7,3278,69632,100823040,10,3251,868,3,22,174,3051,0,0,0,0
rpt-sansa: track2 / joins / join N-M / join 5-10 75percent,3,311,4,31.5283,3,84.04,5.0,89.04,36.02,0.31,2513453056,0,2513453056,7,3278,69632,100823040,10,3251,868,3,22,174,3051,0,0,0,0
rpt-sansa: track2 / joins / join N-M / join 5-10 75percent,3,312,4,31.6302,3,84.42,5.0,89.42,36.03,0.31,2513453056,0,2513453056,7,3278,69632,100823040,10,3251,868,3,22,174,3051,0,0,0,0
rpt-sansa: track2 / joins / join N-M / join 5-10 75percent,3,313,4,31.732,3,84.81,5.0,89.81,36.05,0.31,2513711104,0,2513711104,7,3278,69632,100823040,10,3251,868,3,22,174,3051,0,0,0,0
rpt-sansa: track2 / joins / join N-M / join 5-10 75percent,3,314,4,31.834,3,85.19,5.02,90.21,36.05,0.31,2560933888,0,2560933888,7,3278,69632,100823040,10,3251,868,3,22,174,3051,0,0,0,0
rpt-sansa: track2 / joins / join N-M / join 5-10 75percent,3,315,4,31.9359,3,85.54,5.08,90.62,36.05,0.31,2629574656,0,2629574656,7,3278,69632,100823040,10,3251,868,3,22,174,3051,0,0,0,0
rpt-sansa: track2 / joins / join N-M / join 5-10 75percent,3,316,4,32.0379,3,85.89,5.13,91.02,36.05,0.31,2718334976,0,2718334976,7,3278,69632,100823040,10,3251,868,3,22,174,3051,0,0,0,0
rpt-sansa: track2 / joins / join N-M / join 5-10 75percent,3,317,4,32.1398,3,86.3,5.13,91.42999999999999,36.06,0.31,2718593024,0,2718593024,7,3278,69632,100823040,10,3251,868,3,22,174,3051,0,0,0,0
rpt-sansa: track2 / joins / join N-M / join 5-10 75percent,3,318,4,32.2417,3,86.7,5.13,91.83,36.06,0.31,2721947648,0,2721947648,7,3278,69632,100823040,10,3251,868,3,22,174,3051,0,0,0,0
rpt-sansa: track2 / joins / join N-M / join 5-10 75percent,3,319,4,32.3435,3,87.09,5.15,92.24000000000001,36.06,0.31,2766073856,0,2766073856,7,3278,69632,100823040,10,3251,868,3,22,174,3051,0,0,0,0
rpt-sansa: track2 / joins / join N-M / join 5-10 75percent,3,320,4,32.4453,3,87.4,5.23,92.63000000000001,36.07,0.31,2862067712,0,2862067712,7,3278,69632,100823040,10,3251,868,3,22,174,3051,0,0,0,0
rpt-sansa: track2 / joins / join N-M / join 5-10 75percent,3,321,4,32.5472,3,87.77,5.25,93.02,36.07,0.31,2936385536,0,2936385536,7,3278,69632,100823040,10,3251,868,3,22,174,3051,0,0,0,0
rpt-sansa: track2 / joins / join N-M / join 5-10 75percent,3,322,4,32.6491,3,88.19,5.25,93.44,36.07,0.31,2936385536,0,2936385536,7,3278,69632,100823040,10,3251,868,3,22,174,3051,0,0,0,0
rpt-sansa: track2 / joins / join N-M / join 5-10 75percent,3,323,4,32.7509,3,88.55,5.26,93.81,36.09,0.31,2938191872,0,2938191872,7,3278,69632,100823040,10,3251,868,3,22,174,3051,0,0,0,0
rpt-sansa: track2 / joins / join N-M / join 5-10 75percent,3,324,4,32.8528,3,88.94,5.27,94.21,36.1,0.31,2938191872,0,2938191872,7,3278,69632,100823040,10,3251,868,3,22,174,3051,0,0,0,0
rpt-sansa: track2 / joins / join N-M / join 5-10 75percent,3,325,4,32.9547,3,89.34,5.28,94.62,36.1,0.31,2938191872,0,2938191872,7,3278,69632,100823040,10,3251,868,3,22,174,3051,0,0,0,0
rpt-sansa: track2 / joins / join N-M / join 5-10 75percent,3,326,4,33.0567,3,89.74,5.28,95.02,36.11,0.31,2938191872,0,2938191872,7,3278,69632,100823040,10,3251,868,3,22,174,3051,0,0,0,0
rpt-sansa: track2 / joins / join N-M / join 5-10 75percent,3,327,4,33.1585,3,90.13,5.28,95.41,36.11,0.31,2938191872,0,2938191872,7,3278,69632,100823040,10,3251,868,3,22,174,3051,0,0,0,0
rpt-sansa: track2 / joins / join N-M / join 5-10 75percent,3,328,4,33.2604,3,90.54,5.29,95.83000000000001,36.11,0.31,2938191872,0,2938191872,7,3278,69632,100823040,10,3251,868,3,22,174,3051,0,0,0,0
rpt-sansa: track2 / joins / join N-M / join 5-10 75percent,3,329,4,33.3622,3,90.94,5.29,96.23,36.11,0.31,2938191872,0,2938191872,7,3278,69632,100823040,10,3251,868,3,22,174,3051,0,0,0,0
rpt-sansa: track2 / joins / join N-M / join 5-10 75percent,3,330,4,33.4641,3,91.35,5.3,96.64999999999999,36.12,0.31,2942062592,0,2942062592,7,3278,69632,100823040,10,3251,868,3,22,174,3051,0,0,0,0
rpt-sansa: track2 / joins / join N-M / join 5-10 75percent,3,331,4,33.5659,3,91.67,5.38,97.05,36.12,0.31,3052765184,0,3052765184,7,3278,69632,100823040,10,3251,868,3,22,174,3051,0,0,0,0
rpt-sansa: track2 / joins / join N-M / join 5-10 75percent,3,332,4,33.6678,3,92.0,5.47,97.47,36.12,0.31,3182821376,0,3182821376,7,3278,69632,100823040,10,3251,868,3,22,174,3051,0,0,0,0
rpt-sansa: track2 / joins / join N-M / join 5-10 75percent,3,333,4,33.7697,3,92.38,5.48,97.86,36.12,0.31,3235721216,0,3235721216,7,3278,69632,100823040,10,3251,868,3,22,174,3051,0,0,0,0
rpt-sansa: track2 / joins / join N-M / join 5-10 75percent,3,334,4,33.8716,3,92.79,5.49,98.28,36.12,0.31,3241140224,0,3241140224,7,3278,69632,100823040,10,3251,868,3,22,174,3051,0,0,0,0
rpt-sansa: track2 / joins / join N-M / join 5-10 75percent,3,335,4,33.9734,3,93.19,5.49,98.67999999999999,36.12,0.31,3241140224,0,3241140224,7,3278,69632,100823040,10,3251,868,3,22,174,3051,0,0,0,0
rpt-sansa: track2 / joins / join N-M / join 5-10 75percent,3,336,4,34.0752,3,93.58,5.5,99.08,36.13,0.31,3241140224,0,3241140224,7,3278,69632,100823040,10,3251,868,3,22,174,3051,0,0,0,0
rpt-sansa: track2 / joins / join N-M / join 5-10 75percent,3,337,4,34.1771,3,94.0,5.5,99.5,36.13,0.31,3241140224,0,3241140224,7,3278,69632,100823040,10,3251,868,3,22,174,3051,0,0,0,0
rpt-sansa: track2 / joins / join N-M / join 5-10 75percent,3,338,4,34.2789,3,94.39,5.5,99.89,36.13,0.31,3241398272,0,3241398272,7,3278,69632,100823040,10,3251,868,3,22,174,3051,0,0,0,0
rpt-sansa: track2 / joins / join N-M / join 5-10 75percent,3,339,4,34.3809,3,94.81,5.5,100.31,36.13,0.31,3242688512,0,3242688512,7,3278,69632,100823040,10,3251,868,3,22,174,3051,0,0,0,0
rpt-sansa: track2 / joins / join N-M / join 5-10 75percent,3,340,4,34.4827,3,95.2,5.51,100.71000000000001,36.13,0.31,3242688512,0,3242688512,7,3278,69632,100823040,10,3251,868,3,22,174,3051,0,0,0,0
rpt-sansa: track2 / joins / join N-M / join 5-10 75percent,3,341,4,34.5846,3,95.6,5.51,101.11,36.14,0.31,3243204608,0,3243204608,7,3278,69632,100823040,10,3251,868,3,22,174,3051,0,0,0,0
rpt-sansa: track2 / joins / join N-M / join 5-10 75percent,3,342,4,34.6865,3,95.97,5.52,101.49,36.15,0.31,3243204608,0,3243204608,7,3278,69632,100823040,10,3251,868,3,22,174,3051,0,0,0,0
rpt-sansa: track2 / joins / join N-M / join 5-10 75percent,3,343,4,34.7883,3,96.38,5.52,101.89999999999999,36.15,0.31,3243204608,0,3243204608,7,3278,69632,100823040,10,3251,868,3,22,174,3051,0,0,0,0
rpt-sansa: track2 / joins / join N-M / join 5-10 75percent,3,344,4,34.8902,3,96.78,5.52,102.3,36.15,0.31,3243204608,0,3243204608,7,3278,69632,100823040,10,3251,868,3,22,174,3051,0,0,0,0
rpt-sansa: track2 / joins / join N-M / join 5-10 75percent,3,345,4,34.992,3,97.2,5.52,102.72,36.15,0.31,3243204608,0,3243204608,7,3278,69632,100823040,10,3251,868,3,22,174,3051,0,0,0,0
rpt-sansa: track2 / joins / join N-M / join 5-10 75percent,3,346,4,35.0939,3,97.6,5.52,103.11999999999999,36.15,0.31,3243462656,0,3243462656,7,3278,69632,100823040,10,3251,868,3,22,174,3051,0,0,0,0
rpt-sansa: track2 / joins / join N-M / join 5-10 75percent,3,347,4,35.1956,3,98.01,5.52,103.53,36.15,0.31,3243720704,0,3243720704,7,3278,69632,100823040,10,3251,868,3,22,174,3051,0,0,0,0
rpt-sansa: track2 / joins / join N-M / join 5-10 75percent,3,348,4,35.2975,3,98.4,5.52,103.92,36.15,0.31,3243720704,0,3243720704,7,3278,69632,100823040,10,3251,868,3,22,174,3051,0,0,0,0
rpt-sansa: track2 / joins / join N-M / join 5-10 75percent,3,349,4,35.3994,3,98.73,5.59,104.32000000000001,36.16,0.31,3330682880,0,3330682880,7,3278,69632,100823040,10,3251,868,3,22,174,3051,0,0,0,0
rpt-sansa: track2 / joins / join N-M / join 5-10 75percent,3,350,4,35.5013,3,99.13,5.61,104.74,36.16,0.31,3363053568,0,3363053568,7,3278,69632,100823040,10,3251,868,3,22,174,3051,0,0,0,0
rpt-sansa: track2 / joins / join N-M / join 5-10 75percent,3,351,4,35.6031,3,99.53,5.61,105.14,36.16,0.31,3363168256,0,3363168256,7,3278,69632,100823040,10,3251,868,3,22,174,3051,0,0,0,0
rpt-sansa: track2 / joins / join N-M / join 5-10 75percent,3,352,4,35.705,3,99.94,5.61,105.55,36.16,0.31,3363397632,0,3363397632,7,3278,69632,100823040,10,3251,868,3,22,174,3051,0,0,0,0
rpt-sansa: track2 / joins / join N-M / join 5-10 75percent,3,353,4,35.8069,3,100.33,5.61,105.94,36.16,0.31,3363426304,0,3363426304,7,3278,69632,100823040,10,3251,868,3,22,174,3051,0,0,0,0
rpt-sansa: track2 / joins / join N-M / join 5-10 75percent,3,354,4,35.9087,3,100.73,5.62,106.35000000000001,36.17,0.31,3363168256,0,3363168256,7,3278,69632,100823040,10,3251,868,3,22,174,3051,0,0,0,0
rpt-sansa: track2 / joins / join N-M / join 5-10 75percent,3,355,4,36.0106,3,101.13,5.62,106.75,36.17,0.31,3363196928,0,3363196928,7,3278,69632,100823040,10,3251,868,3,22,174,3051,0,0,0,0
rpt-sansa: track2 / joins / join N-M / join 5-10 75percent,3,356,4,36.1124,3,101.51,5.62,107.13000000000001,36.21,0.31,3363438592,0,3363438592,7,3280,69632,100839424,10,3253,872,3,22,174,3051,0,0,0,0
rpt-sansa: track2 / joins / join N-M / join 5-10 75percent,3,357,4,36.2142,3,101.86,5.62,107.48,36.26,0.31,3363438592,0,3363438592,7,3280,69632,100839424,10,3253,872,3,22,174,3051,0,0,0,0
rpt-sansa: track2 / joins / join N-M / join 5-10 75percent,3,358,4,36.3161,3,102.28,5.62,107.9,36.28,0.31,3363438592,0,3363438592,7,3280,69632,100839424,10,3253,872,3,22,174,3051,0,0,0,0
rpt-sansa: track2 / joins / join N-M / join 5-10 75percent,3,359,4,36.4181,3,102.62,5.63,108.25,36.33,0.31,3363438592,0,3363438592,7,3280,69632,100839424,10,3253,872,3,22,174,3051,0,0,0,0
rpt-sansa: track2 / joins / join N-M / join 5-10 75percent,3,360,4,36.52,3,102.96,5.63,108.58999999999999,36.41,0.31,3363438592,0,3363438592,7,3280,69632,100839424,10,3253,872,3,22,174,3051,0,0,0,0
rpt-sansa: track2 / joins / join N-M / join 5-10 75percent,3,361,4,36.6224,3,103.33,5.63,108.96,36.44,0.31,3363438592,0,3363438592,7,3280,69632,100839424,10,3253,872,3,22,174,3051,0,0,0,0
rpt-sansa: track2 / joins / join N-M / join 5-10 75percent,3,362,4,36.7243,3,103.66,5.64,109.3,36.51,0.31,3363696640,0,3363696640,7,3280,69632,100839424,10,3253,872,3,22,174,3051,0,0,0,0
rpt-sansa: track2 / joins / join N-M / join 5-10 75percent,3,363,4,36.8268,3,103.99,5.64,109.63,36.57,0.31,3363696640,0,3363696640,7,3280,69632,100839424,10,3253,872,3,22,174,3051,0,0,0,0
rpt-sansa: track2 / joins / join N-M / join 5-10 75percent,3,364,4,36.9294,3,104.31,5.67,109.98,36.64,0.31,3363696640,0,3363696640,7,3280,69632,100839424,10,3253,872,3,22,174,3051,0,0,0,0
rpt-sansa: track2 / joins / join N-M / join 5-10 75percent,3,365,4,37.0319,3,104.63,5.67,110.3,36.73,0.31,3363696640,0,3363696640,7,3280,69632,100839424,10,3253,872,3,22,174,3051,0,0,0,0
rpt-sansa: track2 / joins / join N-M / join 5-10 75percent,3,366,4,37.1347,3,104.92,5.67,110.59,36.83,0.31,3363696640,0,3363696640,7,3282,69632,100847616,10,3253,876,3,22,174,3051,0,0,0,0
rpt-sansa: track2 / joins / join N-M / join 5-10 75percent,3,367,4,37.237,3,105.25,5.67,110.92,36.93,0.31,3363696640,0,3363696640,7,3282,69632,100847616,10,3253,876,3,22,174,3051,0,0,0,0
rpt-sansa: track2 / joins / join N-M / join 5-10 75percent,3,368,4,37.3393,3,105.57,5.67,111.24,37.01,0.31,3363684352,0,3363684352,7,3282,69632,100847616,10,3253,876,3,22,174,3051,0,0,0,0
rpt-sansa: track2 / joins / join N-M / join 5-10 75percent,3,369,4,37.4422,3,105.89,5.67,111.56,37.11,0.31,3363684352,0,3363684352,7,3282,69632,100847616,10,3253,876,3,22,174,3051,0,0,0,0
rpt-sansa: track2 / joins / join N-M / join 5-10 75percent,3,370,4,37.5441,3,106.2,5.68,111.88,37.2,0.31,3363684352,0,3363684352,7,3282,69632,100847616,10,3253,876,3,22,174,3051,0,0,0,0
rpt-sansa: track2 / joins / join N-M / join 5-10 75percent,3,371,4,37.6459,3,106.5,5.68,112.18,37.3,0.31,3363684352,0,3363684352,7,3282,69632,100847616,10,3253,876,3,22,174,3051,0,0,0,0
rpt-sansa: track2 / joins / join N-M / join 5-10 75percent,3,372,4,37.7478,3,106.82,5.68,112.5,37.39,0.31,3363684352,0,3363684352,7,3282,69632,100847616,10,3253,876,3,22,174,3051,0,0,0,0
rpt-sansa: track2 / joins / join N-M / join 5-10 75percent,3,373,4,37.8497,3,107.12,5.68,112.80000000000001,37.49,0.31,3363684352,0,3363684352,7,3282,69632,100847616,10,3253,876,3,22,174,3051,0,0,0,0
rpt-sansa: track2 / joins / join N-M / join 5-10 75percent,3,374,4,37.9516,3,107.44,5.68,113.12,37.59,0.31,3363684352,0,3363684352,7,3282,69632,100847616,10,3253,876,3,22,174,3051,0,0,0,0
rpt-sansa: track2 / joins / join N-M / join 5-10 75percent,3,375,4,38.0536,3,107.81,5.68,113.49000000000001,37.62,0.31,3364200448,0,3364200448,7,3282,69632,100847616,10,3253,876,3,22,174,3051,0,0,0,0
rpt-sansa: track2 / joins / join N-M / join 5-10 75percent,3,376,4,38.1555,3,108.14,5.69,113.83,37.69,0.31,3364200448,0,3364200448,7,3282,69632,100847616,10,3253,876,3,22,174,3051,0,0,0,0
rpt-sansa: track2 / joins / join N-M / join 5-10 75percent,3,377,4,38.2574,3,108.44,5.69,114.13,37.79,0.31,3364200448,0,3364200448,7,3282,69632,100847616,10,3253,876,3,22,174,3051,0,0,0,0
rpt-sansa: track2 / joins / join N-M / join 5-10 75percent,3,378,4,38.3592,3,108.75,5.69,114.44,37.88,0.31,3364057088,0,3364057088,7,3282,69632,100847616,10,3253,876,3,22,174,3051,0,0,0,0
rpt-sansa: track2 / joins / join N-M / join 5-10 75percent,3,379,4,38.4612,3,109.06,5.69,114.75,37.98,0.31,3364315136,0,3364315136,7,3282,69632,100847616,10,3253,876,3,22,174,3051,0,0,0,0
rpt-sansa: track2 / joins / join N-M / join 5-10 75percent,3,380,4,38.5631,3,109.36,5.69,115.05,38.08,0.31,3364343808,0,3364343808,7,3282,69632,100847616,10,3253,876,3,22,174,3051,0,0,0,0
rpt-sansa: track2 / joins / join N-M / join 5-10 75percent,3,381,4,38.6662,3,109.7,5.7,115.4,38.16,0.31,3364601856,0,3364601856,7,3282,69632,100847616,10,3253,876,3,22,174,3051,0,0,0,0
rpt-sansa: track2 / joins / join N-M / join 5-10 75percent,3,382,4,38.768,3,110.07,5.7,115.77,38.19,0.31,3364429824,0,3364429824,7,3282,69632,100847616,10,3253,876,3,22,174,3051,0,0,0,0
rpt-sansa: track2 / joins / join N-M / join 5-10 75percent,3,383,4,38.87,3,110.47,5.7,116.17,38.19,0.31,3364315136,0,3364315136,7,3282,69632,100847616,10,3253,876,3,22,174,3051,0,0,0,0
rpt-sansa: track2 / joins / join N-M / join 5-10 75percent,3,384,4,38.972,3,110.85,5.71,116.55999999999999,38.22,0.31,3364974592,0,3364974592,7,3282,69632,100847616,10,3253,876,3,22,174,3051,0,0,0,0
rpt-sansa: track2 / joins / join N-M / join 5-10 75percent,3,385,4,39.074,3,111.12,5.71,116.83,38.34,0.31,3364724736,0,3364724736,7,3282,69632,100847616,10,3253,876,3,22,174,3051,0,0,0,0
rpt-sansa: track2 / joins / join N-M / join 5-10 75percent,3,386,4,39.176,3,111.33,5.71,117.03999999999999,38.54,0.31,3364462592,0,3364462592,7,3282,69632,100847616,10,3253,876,3,22,174,3051,0,0,0,0
rpt-sansa: track2 / joins / join N-M / join 5-10 75percent,3,387,4,39.2786,3,111.54,5.72,117.26,38.74,0.31,3364782080,0,3364782080,7,3282,69632,100847616,10,3253,876,3,22,174,3051,0,0,0,0
rpt-sansa: track2 / joins / join N-M / join 5-10 75percent,3,388,4,39.3805,3,111.7,5.72,117.42,38.99,0.31,3364499456,0,3364499456,7,3282,69632,100847616,10,3253,876,3,22,174,3051,0,0,0,0
rpt-sansa: track2 / joins / join N-M / join 5-10 75percent,3,389,4,39.4824,3,111.84,5.72,117.56,39.25,0.31,3364737024,0,3364737024,7,3282,69632,100847616,10,3253,876,3,22,174,3051,0,0,0,0
rpt-sansa: track2 / joins / join N-M / join 5-10 75percent,3,390,4,39.5843,3,112.22,5.75,117.97,39.27,0.31,3367317504,0,3367317504,7,3282,69632,100847616,10,3253,876,3,22,174,3051,0,0,0,0
rpt-sansa: track2 / joins / join N-M / join 5-10 75percent,3,391,4,39.6862,3,112.61,5.76,118.37,39.27,0.31,3367829504,0,3367829504,7,3282,69632,100847616,10,3253,876,3,22,174,3051,0,0,0,0
rpt-sansa: track2 / joins / join N-M / join 5-10 75percent,3,392,4,39.7881,3,113.02,5.76,118.78,39.27,0.31,3368087552,0,3368087552,7,3282,69632,100847616,10,3253,876,3,22,174,3051,0,0,0,0
rpt-sansa: track2 / joins / join N-M / join 5-10 75percent,3,393,4,39.89,3,113.42,5.76,119.18,39.27,0.31,3368345600,0,3368345600,7,3282,69632,100847616,10,3253,876,3,22,174,3051,0,0,0,0
rpt-sansa: track2 / joins / join N-M / join 5-10 75percent,3,394,4,39.9919,3,113.83,5.76,119.59,39.27,0.31,3368345600,0,3368345600,7,3282,69632,100847616,10,3253,876,3,22,174,3051,0,0,0,0
rpt-sansa: track2 / joins / join N-M / join 5-10 75percent,3,395,4,40.0938,3,114.22,5.77,119.99,39.28,0.31,3368345600,0,3368345600,7,3282,69632,100847616,10,3253,876,3,22,174,3051,0,0,0,0
rpt-sansa: track2 / joins / join N-M / join 5-10 75percent,3,396,4,40.1956,3,114.64,5.77,120.41,39.28,0.31,3369635840,0,3369635840,7,3282,69632,100847616,10,3253,876,3,22,174,3051,0,0,0,0
rpt-sansa: track2 / joins / join N-M / join 5-10 75percent,3,397,4,40.2974,3,115.02,5.78,120.8,39.28,0.31,3369635840,0,3369635840,7,3282,69632,100847616,10,3253,876,4,23,248,3125,0,0,0,0
rpt-sansa: track2 / joins / join N-M / join 5-10 75percent,3,398,4,40.3993,3,115.42,5.78,121.2,39.28,0.31,3369635840,0,3369635840,7,3282,69632,100847616,10,3253,876,4,23,248,3125,0,0,0,0
rpt-sansa: track2 / joins / join N-M / join 5-10 75percent,3,399,4,40.5012,3,115.83,5.79,121.62,39.28,0.31,3369635840,0,3369635840,7,3282,69632,100847616,10,3253,876,4,23,248,3125,0,0,0,0
rpt-sansa: track2 / joins / join N-M / join 5-10 75percent,3,400,4,40.6031,3,116.23,5.79,122.02000000000001,39.28,0.31,3369635840,0,3369635840,7,3282,69632,100847616,10,3253,876,4,23,248,3125,0,0,0,0
rpt-sansa: track2 / joins / join N-M / join 5-10 75percent,3,401,4,40.705,3,116.64,5.79,122.43,39.28,0.31,3371700224,0,3371700224,7,3282,69632,100847616,10,3253,876,6,25,402,3298,0,0,0,0
rpt-sansa: track2 / joins / join N-M / join 5-10 75percent,3,402,4,40.807,3,117.04,5.8,122.84,39.28,0.31,3372466176,0,3372466176,7,3282,69632,100847616,10,3253,876,6,25,402,3298,0,0,0,0
rpt-sansa: track2 / joins / join N-M / join 5-10 75percent,3,403,4,40.9091,3,117.4,5.84,123.24000000000001,39.29,0.31,3425624064,0,3425624064,7,3282,69632,100847616,10,3253,876,6,25,402,3298,0,0,0,0
rpt-sansa: track2 / joins / join N-M / join 5-10 75percent,3,404,4,41.0109,3,117.78,5.87,123.65,39.3,0.31,3486425088,0,3486425088,7,3282,69632,100847616,10,3253,876,8,27,1510,4542,0,0,0,0
rpt-sansa: track2 / joins / join N-M / join 5-10 75percent,3,405,4,41.1128,3,118.17,5.88,124.05,39.3,0.31,3492102144,0,3492102144,7,3282,69632,100847616,10,3253,876,8,27,1510,4542,0,0,0,0
rpt-sansa: track2 / joins / join N-M / join 5-10 75percent,3,406,4,41.2147,3,118.55,5.9,124.45,39.3,0.31,3511971840,0,3511971840,7,3282,69632,100847616,10,3253,876,8,27,1510,4542,0,0,0,0
rpt-sansa: track2 / joins / join N-M / join 5-10 75percent,3,407,4,41.3165,3,118.96,5.91,124.86999999999999,39.3,0.31,3519197184,0,3519197184,7,3284,69632,100872192,10,3254,880,8,27,1510,4542,0,0,0,0
rpt-sansa: track2 / joins / join N-M / join 5-10 75percent,3,408,4,41.4184,3,119.29,5.98,125.27000000000001,39.3,0.31,3623190528,0,3623190528,7,3284,69632,100872192,10,3254,880,10,29,1690,5206,0,0,0,0
rpt-sansa: track2 / joins / join N-M / join 5-10 75percent,3,409,4,41.5202,3,119.69,5.98,125.67,39.31,0.31,3623706624,0,3623706624,7,3284,69632,100872192,10,3254,880,10,29,1690,5206,0,0,0,0
rpt-sansa: track2 / joins / join N-M / join 5-10 75percent,3,410,4,41.622,3,120.07,5.99,126.05999999999999,39.31,0.31,3624480768,0,3624480768,7,3284,69632,100872192,10,3254,880,10,29,1690,5206,0,0,0,0
rpt-sansa: track2 / joins / join N-M / join 5-10 75percent,3,411,4,41.7239,3,120.44,6.04,126.48,39.32,0.31,3707314176,0,3707314176,7,3284,69632,100872192,10,3254,880,12,29,1838,5206,0,0,0,0
rpt-sansa: track2 / joins / join N-M / join 5-10 75percent,3,412,4,41.8258,3,120.8,6.07,126.87,39.33,0.31,3736289280,0,3736289280,7,3284,69632,100872192,10,3254,880,12,30,1838,5272,0,0,0,0
rpt-sansa: track2 / joins / join N-M / join 5-10 75percent,3,413,4,41.9276,3,121.19,6.08,127.27,39.33,0.31,3740045312,0,3740045312,7,3285,69632,100876288,10,3255,884,12,30,1838,5272,0,0,0,0
rpt-sansa: track2 / joins / join N-M / join 5-10 75percent,3,414,4,42.0296,3,121.59,6.08,127.67,39.33,0.31,3740303360,0,3740303360,7,3285,69632,100876288,10,3255,884,12,30,1838,5272,0,0,0,0
rpt-sansa: track2 / joins / join N-M / join 5-10 75percent,3,415,4,42.1315,3,121.99,6.08,128.07,39.33,0.31,3743715328,0,3743715328,7,3285,69632,100876288,10,3255,884,13,32,1956,5456,0,0,0,0
rpt-sansa: track2 / joins / join N-M / join 5-10 75percent,3,416,4,42.2333,3,122.39,6.1,128.49,39.33,0.31,3743498240,0,3743498240,7,3285,69632,100876288,10,3255,884,13,32,1956,5456,0,0,0,0
rpt-sansa: track2 / joins / join N-M / join 5-10 75percent,3,417,4,42.3352,3,122.79,6.1,128.89000000000001,39.33,0.31,3746324480,0,3746324480,7,3286,69632,100880384,10,3255,888,13,32,1956,5456,0,0,0,0
rpt-sansa: track2 / joins / join N-M / join 5-10 75percent,3,418,4,42.437,3,123.2,6.1,129.3,39.33,0.31,3749134336,0,3749134336,7,3286,69632,100880384,10,3255,888,14,33,2106,5574,0,0,0,0
rpt-sansa: track2 / joins / join N-M / join 5-10 75percent,3,419,4,42.5389,3,123.6,6.1,129.7,39.33,0.31,3749822464,0,3749822464,7,3286,69632,100880384,10,3255,888,14,33,2106,5574,0,0,0,0
rpt-sansa: track2 / joins / join N-M / join 5-10 75percent,3,420,4,42.6407,3,124.02,6.1,130.12,39.33,0.31,3750137856,0,3750137856,7,3286,69632,100880384,10,3255,888,14,33,2106,5574,0,0,0,0
rpt-sansa: track2 / joins / join N-M / join 5-10 75percent,3,421,4,42.7425,3,124.41,6.11,130.52,39.33,0.31,3752833024,0,3752833024,7,3286,69632,100880384,10,3255,888,14,33,2106,5574,0,0,0,0
rpt-sansa: track2 / joins / join N-M / join 5-10 75percent,3,422,4,42.8443,3,124.78,6.14,130.92,39.35,0.31,3783180288,0,3783180288,7,3286,69632,100880384,10,3255,888,16,36,2290,5784,0,0,0,0
rpt-sansa: track2 / joins / join N-M / join 5-10 75percent,3,423,4,42.9462,3,125.15,6.17,131.32,39.35,0.31,3813687296,0,3813687296,7,3286,69632,100880384,10,3255,888,16,36,2290,5784,0,0,0,0
rpt-sansa: track2 / joins / join N-M / join 5-10 75percent,3,424,4,43.048,3,125.52,6.21,131.73,39.35,0.31,3864035328,0,3864035328,7,3286,69632,100880384,10,3255,888,16,36,2290,5784,0,0,0,0
rpt-sansa: track2 / joins / join N-M / join 5-10 75percent,3,425,4,43.1499,3,125.89,6.24,132.13,39.35,0.31,3917967360,0,3917967360,7,3286,69632,100880384,10,3255,888,17,36,2344,5784,0,0,0,0
rpt-sansa: track2 / joins / join N-M / join 5-10 75percent,3,426,4,43.2516,3,126.28,6.26,132.54,39.35,0.31,3959029760,0,3959029760,7,3286,69632,100880384,10,3255,888,17,36,2344,5784,0,0,0,0
rpt-sansa: track2 / joins / join N-M / join 5-10 75percent,3,427,4,43.3534,3,126.68,6.27,132.95000000000002,39.35,0.31,3959173120,0,3959173120,7,3286,69632,100880384,10,3255,888,17,36,2344,5784,0,0,0,0
rpt-sansa: track2 / joins / join N-M / join 5-10 75percent,3,428,4,43.4553,3,127.05,6.3,133.35,39.35,0.31,3992031232,0,3992031232,7,3286,69632,100880384,10,3255,888,17,36,2344,5784,0,0,0,0
rpt-sansa: track2 / joins / join N-M / join 5-10 75percent,3,429,4,43.5573,3,127.43,6.32,133.75,39.36,0.31,4032688128,0,4032688128,7,3286,69632,100880384,10,3255,888,17,36,2344,5784,0,0,0,0
rpt-sansa: track2 / joins / join N-M / join 5-10 75percent,3,430,4,43.6592,3,127.78,6.37,134.15,39.36,0.31,4095426560,0,4095426560,7,3286,69632,100880384,10,3255,888,17,36,2344,5784,0,0,0,0
rpt-sansa: track2 / joins / join N-M / join 5-10 75percent,3,431,4,43.7611,3,128.17,6.39,134.55999999999997,39.37,0.31,4112756736,0,4112756736,7,3286,69632,100880384,10,3255,888,17,36,2344,5784,0,0,0,0
rpt-sansa: track2 / joins / join N-M / join 5-10 75percent,3,432,4,43.8629,3,128.56,6.4,134.96,39.37,0.31,4113817600,0,4113817600,7,3286,69632,100880384,10,3255,888,17,36,2344,5784,0,0,0,0
rpt-sansa: track2 / joins / join N-M / join 5-10 75percent,3,433,4,43.9648,3,128.97,6.4,135.37,39.37,0.31,4117880832,0,4117880832,7,3286,69632,100880384,10,3255,888,17,36,2344,5784,0,0,0,0
rpt-sansa: track2 / joins / join N-M / join 5-10 75percent,3,434,4,44.0667,3,129.36,6.41,135.77,39.37,0.31,4118196224,0,4118196224,7,3286,69632,100880384,10,3255,888,17,36,2344,5784,0,0,0,0
rpt-sansa: track2 / joins / join N-M / join 5-10 75percent,3,435,4,44.1685,3,129.76,6.42,136.17999999999998,39.37,0.31,4119744512,0,4119744512,7,3286,69632,100880384,10,3255,888,17,36,2344,5784,0,0,0,0
rpt-sansa: track2 / joins / join N-M / join 5-10 75percent,3,436,4,44.2704,3,130.15,6.44,136.59,39.37,0.31,4123189248,0,4123189248,7,3286,69632,100880384,10,3255,888,17,36,2344,5784,0,0,0,0
rpt-sansa: track2 / joins / join N-M / join 5-10 75percent,3,437,4,44.3722,3,130.55,6.44,136.99,39.38,0.31,4123676672,0,4123676672,7,3286,69632,100880384,10,3255,888,17,36,2344,5784,0,0,0,0
rpt-sansa: track2 / joins / join N-M / join 5-10 75percent,3,438,4,44.4741,3,130.95,6.44,137.39,39.38,0.31,4124758016,0,4124758016,7,3286,69632,100880384,10,3255,888,17,36,2344,5784,0,0,0,0
rpt-sansa: track2 / joins / join N-M / join 5-10 75percent,3,439,4,44.5759,3,131.27,6.45,137.72,39.46,0.31,4124528640,0,4124528640,7,3286,69632,100880384,10,3255,888,17,36,2344,5784,0,0,0,0
rpt-sansa: track2 / joins / join N-M / join 5-10 75percent,3,440,4,44.6777,3,131.48,6.47,137.95,39.63,0.31,4125216768,0,4125216768,7,3286,69632,100880384,10,3255,888,17,36,2344,5784,0,0,0,0
rpt-sansa: track2 / joins / join N-M / join 5-10 75percent,3,441,4,44.7796,3,131.61,6.57,138.18,39.82,0.31,4125818880,0,4125818880,7,3286,69632,100880384,10,3255,888,17,36,2344,5784,0,0,0,0
rpt-sansa: track2 / joins / join N-M / join 5-10 75percent,3,442,4,44.8817,3,131.8,6.64,138.44,39.95,0.31,4126945280,0,4126945280,7,3286,69632,100880384,10,3255,888,17,36,2344,5784,0,0,0,0
rpt-sansa: track2 / joins / join N-M / join 5-10 75percent,3,443,4,44.9837,3,131.95,6.66,138.60999999999999,40.17,0.31,4138508288,0,4138508288,7,3286,69632,100880384,10,3255,888,17,36,2344,5784,0,0,0,0
rpt-sansa: track2 / joins / join N-M / join 5-10 75percent,3,444,4,45.086,3,132.05,6.66,138.71,40.48,0.31,4138500096,0,4138500096,7,3286,69632,100880384,10,3255,888,17,36,2344,5784,0,0,0,0
rpt-sansa: track2 / joins / join N-M / join 5-10 75percent,3,445,4,45.1882,3,132.12,6.7,138.82,40.78,0.31,4183609344,0,4183609344,7,3286,69632,100880384,10,3255,888,17,36,2344,5784,0,0,0,0
rpt-sansa: track2 / joins / join N-M / join 5-10 75percent,3,446,4,45.2901,3,132.12,6.7,138.82,41.18,0.31,4186755072,0,4186755072,7,3286,69632,100880384,10,3255,888,17,36,2344,5784,0,0,0,0
rpt-sansa: track2 / joins / join N-M / join 5-10 75percent,3,447,4,45.3923,3,132.12,6.7,138.82,41.59,0.31,4186755072,0,4186755072,7,3287,69632,100884480,10,3255,892,17,36,2344,5784,0,0,0,0
rpt-sansa: track2 / joins / join N-M / join 5-10 75percent,3,448,4,45.4943,3,132.12,6.7,138.82,41.99,0.31,4186755072,0,4186755072,7,3287,69632,100884480,10,3255,892,17,36,2344,5784,0,0,0,0
rpt-sansa: track2 / joins / join N-M / join 5-10 75percent,3,449,4,45.5964,3,132.12,6.79,138.91,42.3,0.31,3131469824,0,3131469824,7,3290,69632,100904960,10,3257,900,17,36,2344,5784,0,0,0,0
rpt-sansa: track2 / joins / join N-M / join 5-10 75percent,3,450,4,45.6988,3,132.12,6.89,139.01,42.61,0.31,1713500160,0,1713500160,7,3290,69632,100904960,10,3257,900,17,36,2344,5784,0,0,0,0
rpt-sansa: track2 / joins / join N-M / join 5-10 75percent,3,451,4,45.8021,3,132.12,7.0,139.12,42.92,0.31,486686720,0,486686720,7,3290,69632,100904960,10,3257,900,17,36,2344,5784,0,0,0,0
rpt-sansa: track2 / joins / join N-M / join 5-10 75percent,3,452,4,45.904,3,132.15,7.05,139.20000000000002,43.2,0.31,486100992,0,486100992,7,3321,69632,100999168,10,3269,924,17,26,2344,4908,0,0,0,0
rpt-sansa: track2 / joins / join N-M / join 5-10 75percent,3,453,4,46.0059,3,132.18,7.09,139.27,43.48,0.34,489627648,0,489627648,7,3551,69632,102387712,10,3511,952,17,26,2344,4908,0,0,0,0
