index,step,timestamp,version,cpu_user,cpu_system,cpu_user_system,cpu_idle,cpu_iowait,memory_ram,memory_swap,memory_ram_swap,disk_read_count,disk_write_count,disk_read_bytes,disk_write_bytes,disk_read_time,disk_write_time,disk_busy_time,network_received_count,network_sent_count,network_received_bytes,network_sent_bytes,network_received_error,network_sent_error,network_received_drop,network_sent_drop
1,1,0.0,2,0.0,0.0,0.0,0.0,0.0,0,0,0,0,0,0,0,0,0,0,0,0,0,0,0,0,0,0
2,1,0.1044,2,0.1,0.13,0.23,3.15,0.0,27489304576,4288364544,31777669120,0,987,0,5567488,0,21,48,0,0,0,0,0,0,0,0
3,1,0.2076,2,0.27,0.17,0.44000000000000006,6.21,0.0,27530076160,4288364544,31818440704,0,990,0,5579776,0,21,56,1,2,109,327,0,0,0,0
4,1,0.3111,2,0.31,0.19,0.5,9.44,0.0,27492003840,4288364544,31780368384,0,1007,0,5653504,0,21,64,1,6,109,727,0,0,0,0
5,1,0.4139,2,0.54,0.25,0.79,12.48,0.0,27517370368,4288364544,31805734912,0,1061,0,6158336,0,22,80,1,6,109,727,0,0,0,0
6,1,0.5173,2,0.69,0.27,0.96,15.61,0.0,27528151040,4288364544,31816515584,0,1061,0,6158336,0,22,80,1,6,109,727,0,0,0,0
7,1,0.6202,2,0.99,0.29,1.28,18.57,0.0,27561816064,4288364544,31850180608,0,1061,0,6158336,0,22,80,1,6,109,727,0,0,0,0
8,1,0.7228,2,1.58,0.3,1.8800000000000001,21.26,0.0,27621216256,4288364544,31909580800,0,1061,0,6158336,0,22,80,1,7,109,817,0,0,0,0
9,1,0.8259,2,1.97,0.39,2.36,24.08,0.0,27669803008,4288364544,31958167552,0,1065,0,6167552,0,22,88,1,7,109,817,0,0,0,0
10,1,0.9283,2,2.44,0.43,2.87,26.85,0.0,27675385856,4288364544,31963750400,0,1065,0,6167552,0,22,88,1,7,109,817,0,0,0,0
11,1,1.0315,2,2.76,0.45,3.21,29.8,0.0,27680694272,4288364544,31969058816,0,1065,0,6167552,0,22,88,1,7,109,817,0,0,0,0
12,1,1.1339,2,3.08,0.48,3.56,32.77,0.0,27702022144,4288364544,31990386688,0,1065,0,6167552,0,22,88,1,8,109,907,0,0,0,0
13,1,1.2367,2,3.43,0.48,3.91,35.66,0.0,27709538304,4288364544,31997902848,0,1065,0,6167552,0,22,88,1,8,109,907,0,0,0,0
14,1,1.3391,2,3.63,0.48,4.109999999999999,38.72,0.0,27714998272,4288364544,32003362816,0,1065,0,6167552,0,22,88,1,10,109,1127,0,0,0,0
15,1,1.4416,2,3.97,0.5,4.470000000000001,41.58,0.0,27761725440,4288364544,32050089984,0,1065,0,6167552,0,22,88,2,10,169,1127,0,0,0,0
16,1,1.5441,2,4.51,0.52,5.029999999999999,44.26,0.0,27778285568,4288364544,32066650112,0,1135,0,6852608,0,22,96,8,16,2297,3255,0,0,0,0
17,1,1.6478,2,5.07,0.55,5.62,47.05,0.0,27785125888,4288364544,32073490432,0,1135,0,6852608,0,22,96,8,16,2297,3255,0,0,0,0
18,1,1.7504,2,5.59,0.55,6.14,49.77,0.0,27792142336,4288364544,32080506880,0,1135,0,6852608,0,22,96,8,16,2297,3255,0,0,0,0
19,1,1.8532,2,6.03,0.55,6.58,52.64,0.0,27801546752,4288364544,32089911296,0,1135,0,6852608,0,22,96,8,16,2297,3255,0,0,0,0
20,1,1.9556,2,6.38,0.56,6.9399999999999995,55.55,0.0,27807518720,4288364544,32095883264,0,1135,0,6852608,0,22,96,8,16,2297,3255,0,0,0,0
21,1,2.058,2,6.88,0.6,7.4799999999999995,58.22,0.0,27863732224,4288364544,32152096768,0,1139,0,6861824,0,23,104,8,16,2297,3255,0,0,0,0
22,1,2.1604,2,7.07,0.62,7.69,61.26,0.0,27896336384,4288364544,32184700928,0,1139,0,6861824,0,23,104,8,16,2297,3255,0,0,0,0
23,1,2.2635,2,7.54,0.63,8.17,64.06,0.0,27922219008,4288364544,32210583552,0,1139,0,6861824,0,23,104,8,16,2297,3255,0,0,0,0
24,1,2.3665,2,8.02,0.66,8.68,66.85,0.0,27941089280,4288364544,32229453824,0,1139,0,6861824,0,23,104,8,16,2297,3255,0,0,0,0
25,1,2.4693,2,8.29,0.72,9.01,69.8,0.0,27968167936,4288364544,32256532480,0,1139,0,6861824,0,23,104,8,16,2297,3255,0,0,0,0
26,1,2.572,2,8.68,0.72,9.4,72.65,0.0,27992199168,4288364544,32280563712,0,1139,0,6861824,0,23,104,8,16,2297,3255,0,0,0,0
27,1,2.6747,2,9.34,0.74,10.08,75.34,0.0,28022689792,4288364544,32311054336,0,1139,0,6861824,0,23,104,8,16,2297,3255,0,0,0,0
28,1,2.7775,2,9.35,0.74,10.09,78.61,0.0,28024885248,4288364544,32313249792,0,1197,0,7383040,0,23,112,8,16,2297,3255,0,0,0,0
29,1,2.8803,2,9.35,0.74,10.09,81.9,0.0,28024885248,4288364544,32313249792,0,1197,0,7383040,0,23,112,8,16,2297,3255,0,0,0,0
30,1,2.9829,2,9.35,0.79,10.14,85.13,0.0,27505176576,4288364544,31793541120,0,1197,0,7383040,0,23,112,8,16,2297,3255,0,0,0,0
31,1,3.0847,2,9.37,0.82,10.19,88.33,0.0,27473960960,4288364544,31762325504,0,1225,0,7573504,0,24,136,8,16,2297,3255,0,0,0,0
32,1,3.1875,2,9.39,0.84,10.23,91.53,0.0,27474481152,4288364544,31762845696,2,1259,8192,7733248,0,24,144,8,10,2297,2675,0,0,0,0
33,2,3.2882,2,9.85,0.75,10.6,94.21,0.01,27485593600,4288389120,31773982720,282,2314,11878400,14239744,15,45,260,20,27,3238,4496,0,0,0,0
34,2,3.3914,2,10.15,0.8,10.950000000000001,97.17,0.01,27505217536,4288389120,31793606656,284,2382,11886592,14915584,15,46,280,20,27,3238,4496,0,0,0,0
35,2,3.4946,2,10.19,0.84,11.03,100.37,0.01,27487404032,4288389120,31775793152,284,2445,11886592,15419392,15,47,304,20,29,3238,4676,0,0,0,0
36,2,3.5981,2,10.41,0.86,11.27,103.38,0.01,27513204736,4288389120,31801593856,284,2447,11886592,15420416,15,47,312,20,29,3238,4676,0,0,0,0
37,2,3.7012,2,10.58,0.88,11.46,106.47,0.01,27527245824,4288389120,31815634944,284,2447,11886592,15420416,15,47,312,20,30,3238,4766,0,0,0,0
38,2,3.804,2,10.85,0.91,11.76,109.44,0.01,27559231488,4288389120,31847620608,284,2451,11886592,15429632,15,47,320,20,30,3238,4766,0,0,0,0
39,2,3.9067,2,11.4,0.94,12.34,112.12,0.01,27623481344,4288389120,31911870464,284,2451,11886592,15429632,15,47,320,20,30,3238,4766,0,0,0,0
40,2,4.0095,2,11.77,1.04,12.809999999999999,114.93,0.01,27672993792,4288389120,31961382912,284,3796,11886592,21636096,15,88,328,20,31,3238,4856,0,0,0,0
41,2,4.1125,2,12.19,1.05,13.24,117.75,0.01,27679522816,4288389120,31967911936,284,3796,11886592,21636096,15,88,328,20,33,3238,5076,0,0,0,0
42,2,4.2149,2,12.53,1.06,13.59,120.7,0.01,27684532224,4288389120,31972921344,284,3796,11886592,21636096,15,88,328,20,33,3238,5076,0,0,0,0
43,2,4.3175,2,12.77,1.09,13.86,123.75,0.01,27692724224,4288389120,31981113344,284,3796,11886592,21636096,15,88,328,20,33,3238,5076,0,0,0,0
44,2,4.4202,2,13.24,1.1,14.34,126.54,0.01,27712724992,4288389120,32001114112,284,3798,11886592,21637120,15,88,336,20,35,3238,5296,0,0,0,0
45,2,4.523,2,13.47,1.12,14.59,129.61,0.01,27718983680,4288389120,32007372800,284,3798,11886592,21637120,15,88,336,20,35,3238,5296,0,0,0,0
46,2,4.626,2,14.07,1.18,15.25,132.31,0.01,27760054272,4288389120,32048443392,284,3798,11886592,21637120,15,88,336,20,35,3238,5296,0,0,0,0
47,2,4.7286,2,14.47,1.18,15.65,135.15,0.01,27769495552,4288389120,32057884672,284,3863,11886592,22244352,15,88,352,26,41,5366,7424,0,0,0,0
48,2,4.8319,2,15.0,1.24,16.24,137.85,0.01,27785981952,4288389120,32074371072,284,3902,11886592,22650880,15,88,360,26,41,5366,7424,0,0,0,0
49,2,4.9348,2,15.59,1.28,16.87,140.49,0.01,27791302656,4288389120,32079691776,284,3946,11886592,23068672,15,90,368,36,51,7513,9571,0,0,0,0
50,2,5.0376,2,16.17,1.28,17.450000000000003,143.21,0.01,27795714048,4288389120,32084103168,284,3946,11886592,23068672,15,90,368,38,53,7583,9655,0,0,0,0
51,2,5.1403,2,16.5,1.29,17.79,146.09,0.01,27807797248,4288389120,32096186368,288,3946,12156928,23068672,15,90,376,38,53,7583,9655,0,0,0,0
52,2,5.2434,2,17.08,1.29,18.369999999999997,148.82,0.01,27813703680,4288389120,32102092800,288,3991,12156928,23462912,15,90,392,38,53,7583,9655,0,0,0,0
53,2,5.3465,2,17.35,1.32,18.67,151.84,0.01,27887587328,4288389120,32175976448,288,3991,12156928,23462912,15,90,392,38,53,7583,9655,0,0,0,0
54,2,5.4495,2,17.86,1.35,19.21,154.58,0.01,27905982464,4288389120,32194371584,290,3991,12189696,23462912,15,90,396,38,53,7583,9655,0,0,0,0
55,2,5.5525,2,18.04,1.38,19.419999999999998,157.64,0.02,27931611136,4288389120,32220000256,406,3991,13295616,23462912,20,90,512,38,53,7583,9655,0,0,0,0
56,2,5.6549,2,18.41,1.42,19.83,160.5,0.02,27948920832,4288389120,32237309952,482,3995,13787136,23472128,22,90,600,38,53,7583,9655,0,0,0,0
57,2,5.7576,2,19.21,1.46,20.67,163.01,0.02,27985420288,4288389120,32273809408,504,3995,14450688,23472128,24,90,628,38,53,7583,9655,0,0,0,0
58,2,5.8608,2,19.84,1.47,21.31,165.66,0.02,28024754176,4288389120,32313143296,522,3995,14671872,23472128,25,90,648,38,53,7583,9655,0,0,0,0
59,2,5.9635,2,19.85,1.47,21.32,168.94,0.02,28025012224,4288389120,32313401344,522,3995,14671872,23472128,25,90,648,38,53,7583,9655,0,0,0,0
60,2,6.0659,2,19.85,1.47,21.32,172.21,0.02,28025012224,4288389120,32313401344,522,3995,14671872,23472128,25,90,648,38,53,7583,9655,0,0,0,0
61,2,6.1684,2,19.85,1.5,21.35,175.45,0.02,27635851264,4288389120,31924240384,522,3995,14671872,23472128,25,90,648,38,53,7583,9655,0,0,0,0
62,2,6.2703,2,19.85,1.54,21.39,178.67,0.02,27479527424,4288389120,31767916544,522,4019,14671872,23653376,25,90,664,38,53,7583,9655,0,0,0,0
63,2,6.373,2,19.88,1.56,21.439999999999998,181.86,0.02,27478654976,4288389120,31767044096,522,4058,14671872,23820288,25,91,672,38,47,7583,9075,0,0,0,0
64,3,6.4748,2,19.51,1.66,21.17,185.4,0.0,27487444992,4288364544,31775809536,2,3638,8192,23057408,0,68,392,20,28,4686,5810,0,0,0,0
65,3,6.5779,2,19.6,1.74,21.34,188.5,0.0,27518005248,4288364544,31806369792,2,3649,8192,23094272,0,68,408,21,29,4796,5920,0,0,0,0
66,3,6.6815,2,19.63,1.77,21.4,191.67,0.0,27490017280,4288364544,31778381824,2,3666,8192,23168000,0,69,416,21,30,4796,6010,0,0,0,0
67,3,6.7845,2,19.85,1.8,21.650000000000002,194.67,0.0,27511877632,4288364544,31800242176,2,3719,8192,23684096,0,70,424,24,34,6942,7279,0,0,0,0
68,3,6.8873,2,20.0,1.81,21.81,197.78,0.0,27527360512,4288364544,31815725056,2,3721,8192,23685120,0,70,432,24,34,6942,7279,0,0,0,0
69,3,6.9899,2,20.23,1.85,22.080000000000002,200.8,0.0,27553202176,4288364544,31841566720,2,3721,8192,23685120,0,70,432,27,37,8520,10265,0,0,0,0
70,3,7.0926,2,20.8,1.9,22.7,203.5,0.0,27606425600,4288364544,31894790144,2,3725,8192,23694336,0,70,440,27,38,8520,10355,0,0,0,0
71,3,7.1951,2,21.23,1.96,23.19,206.21,0.0,27665612800,4288364544,31953977344,2,3725,8192,23694336,0,70,440,27,39,8520,10445,0,0,0,0
72,3,7.2986,2,21.66,1.99,23.65,209.07,0.0,27673518080,4288364544,31961882624,2,3725,8192,23694336,0,70,440,27,41,8520,10665,0,0,0,0
73,3,7.4014,2,22.05,1.99,24.04,211.95,0.0,27678875648,4288364544,31967240192,2,5181,8192,30588928,0,105,448,27,41,8520,10665,0,0,0,0
74,3,7.5039,2,22.24,2.01,24.25,215.01,0.0,27688890368,4288364544,31977254912,4,5181,16384,30588928,0,105,452,27,41,8520,10665,0,0,0,0
75,3,7.6063,2,22.77,2.07,24.84,217.67,0.0,27708047360,4288364544,31996411904,4,5247,16384,31237120,0,105,460,27,41,8520,10665,0,0,0,0
76,3,7.7086,2,22.98,2.07,25.05,220.72,0.0,27712540672,4288364544,32000905216,4,5249,16384,31238144,0,105,468,27,43,8520,10885,0,0,0,0
77,3,7.8109,2,23.29,2.1,25.39,223.59,0.0,27756658688,4288364544,32045023232,4,5298,16384,31688704,0,106,476,27,43,8520,10885,0,0,0,0
78,3,7.9136,2,23.68,2.12,25.8,226.45,0.0,27769085952,4288364544,32057450496,4,5298,16384,31688704,0,106,476,27,43,8520,10885,0,0,0,0
79,3,8.0164,2,24.3,2.12,26.42,229.17,0.0,27781554176,4288364544,32069918720,4,5298,16384,31688704,0,106,476,27,43,8520,10885,0,0,0,0
80,3,8.1193,2,24.88,2.12,27.0,231.86,0.0,27783401472,4288364544,32071766016,4,5302,16384,31697920,0,106,484,30,46,8704,11083,0,0,0,0
81,3,8.222,2,25.25,2.15,27.4,234.67,0.0,27794014208,4288364544,32082378752,4,5302,16384,31697920,0,106,484,30,46,8704,11083,0,0,0,0
82,3,8.3244,2,25.55,2.15,27.7,237.62,0.0,27799797760,4288364544,32088162304,4,5302,16384,31697920,0,106,484,30,46,8704,11083,0,0,0,0
83,3,8.4275,2,25.85,2.17,28.020000000000003,240.56,0.0,27807154176,4288364544,32095518720,4,5302,16384,31697920,0,106,484,30,46,8704,11083,0,0,0,0
84,3,8.5301,2,26.19,2.23,28.42,243.43,0.0,27883642880,4288364544,32172007424,4,5302,16384,31697920,0,106,484,30,46,8704,11083,0,0,0,0
85,3,8.6331,2,26.61,2.28,28.89,246.26,0.0,27908894720,4288364544,32197259264,6,5302,24576,31697920,0,106,488,33,49,8888,11281,0,0,0,0
86,3,8.7359,2,26.96,2.29,29.25,249.16,0.0,27934760960,4288364544,32223125504,6,5302,24576,31697920,0,106,488,33,49,8888,11281,0,0,0,0
87,3,8.8386,2,27.45,2.33,29.78,251.97,0.0,27965538304,4288364544,32253902848,6,5302,24576,31697920,0,106,488,37,49,10188,11281,0,0,0,0
88,3,8.9414,2,27.73,2.34,30.07,254.91,0.0,27980963840,4288364544,32269328384,6,5353,24576,32149504,0,107,496,37,49,10188,11281,0,0,0,0
89,3,9.0439,2,27.75,2.35,30.1,258.16,0.0,27983269888,4288364544,32271634432,6,5353,24576,32149504,0,107,496,37,49,10188,11281,0,0,0,0
90,3,9.1466,2,27.76,2.36,30.12,261.43,0.0,27983269888,4288364544,32271634432,6,5357,24576,32158720,0,107,512,37,49,10188,11281,0,0,0,0
91,3,9.2493,2,27.76,2.36,30.12,264.71,0.0,27983269888,4288364544,32271634432,6,5357,24576,32158720,0,107,512,37,49,10188,11281,0,0,0,0
92,3,9.3519,2,27.79,2.41,30.2,267.91,0.0,27481391104,4288364544,31769755648,6,5383,24576,32347136,0,107,528,37,49,10188,11281,0,0,0,0
93,3,9.455,2,27.8,2.42,30.22,271.11,0.0,27480465408,4288364544,31768829952,6,5456,24576,32913408,0,109,544,37,43,10188,10701,0,0,0,0
94,4,9.5577,2,28.04,2.47,30.509999999999998,274.02,0.0,27486683136,4288364544,31775047680,8,6581,32768,40227840,0,130,620,37,43,10188,10701,0,0,0,0
95,4,9.6601,2,28.28,2.57,30.85,276.99,0.0,27520737280,4288364544,31809101824,12,6592,65536,40264704,0,130,644,39,45,10258,10785,0,0,0,0
96,4,9.7639,2,28.34,2.61,30.95,280.17,0.0,27487485952,4288364544,31775850496,12,6722,65536,41435136,0,131,668,44,52,11126,11833,0,0,0,0
97,4,9.8682,2,28.62,2.65,31.27,283.25,0.0,27516829696,4288364544,31805194240,12,6722,65536,41435136,0,131,668,44,52,11126,11833,0,0,0,0
98,4,9.9714,2,28.75,2.66,31.41,286.38,0.0,27529199616,4288364544,31817564160,12,6724,65536,41436160,0,131,676,44,52,11126,11833,0,0,0,0
99,4,10.0745,2,29.04,2.69,31.73,289.32,0.0,27569258496,4288364544,31857623040,12,6724,65536,41436160,0,131,676,44,52,11126,11833,0,0,0,0
100,4,10.1777,2,29.6,2.73,32.33,292.01,0.0,27628666880,4288364544,31917031424,12,6728,65536,41445376,0,131,684,44,52,11126,11833,0,0,0,0
101,4,10.2801,2,30.08,2.75,32.83,294.79,0.0,27681853440,4288364544,31970217984,12,6728,65536,41445376,0,131,684,44,53,11126,11923,0,0,0,0
102,4,10.3829,2,30.49,2.76,33.25,297.61,0.0,27687010304,4288364544,31975374848,12,6728,65536,41445376,0,131,684,44,55,11126,12143,0,0,0,0
103,4,10.4851,2,30.81,2.77,33.58,300.56,0.0,27693318144,4288364544,31981682688,12,6728,65536,41445376,0,131,684,44,55,11126,12143,0,0,0,0
104,4,10.5874,2,31.13,2.78,33.91,303.47,0.0,27711979520,4288364544,32000344064,12,6728,65536,41445376,0,131,684,44,57,11126,12363,0,0,0,0
105,4,10.6898,2,31.52,2.79,34.31,306.34,0.0,27719462912,4288364544,32007827456,12,6728,65536,41445376,0,131,684,44,57,11126,12363,0,0,0,0
106,4,10.7923,2,31.71,2.8,34.51,309.42,0.0,27723751424,4288364544,32012115968,12,6728,65536,41445376,0,131,684,44,58,11126,12453,0,0,0,0
107,4,10.8946,2,32.23,2.82,35.05,312.18,0.0,27766452224,4288364544,32054816768,12,6728,65536,41445376,0,131,684,44,58,11126,12453,0,0,0,0
108,4,10.9972,2,32.68,2.84,35.519999999999996,315.01,0.0,27775524864,4288364544,32063889408,12,6728,65536,41445376,0,131,684,44,58,11126,12453,0,0,0,0
109,4,11.1006,2,33.33,2.85,36.18,317.69,0.0,27784826880,4288364544,32073191424,12,6728,65536,41445376,0,131,684,44,58,11126,12453,0,0,0,0
110,4,11.2036,2,33.89,2.87,36.76,320.37,0.0,27788222464,4288364544,32076587008,12,6728,65536,41445376,0,131,684,44,58,11126,12453,0,0,0,0
111,4,11.3064,2,34.31,2.88,37.190000000000005,323.22,0.0,27799392256,4288364544,32087756800,12,6728,65536,41445376,0,131,684,50,64,13182,14509,0,0,0,0
112,4,11.4089,2,34.65,2.9,37.55,326.11,0.0,27805212672,4288364544,32093577216,12,6728,65536,41445376,0,131,684,50,64,13182,14509,0,0,0,0
113,4,11.5122,2,35.03,2.96,37.99,328.95,0.0,27862757376,4288364544,32151121920,12,6728,65536,41445376,0,131,684,50,64,13182,14509,0,0,0,0
114,4,11.6148,2,35.23,2.99,38.22,331.95,0.0,27894247424,4288364544,32182611968,12,6728,65536,41445376,0,131,684,51,64,13248,14509,0,0,0,0
115,4,11.7174,2,35.7,2.99,38.690000000000005,334.78,0.0,27913342976,4288364544,32201707520,12,6728,65536,41445376,0,131,684,52,65,13326,14595,0,0,0,0
116,4,11.8199,2,35.84,3.01,38.85,337.9,0.0,27919536128,4288364544,32207900672,12,6728,65536,41445376,0,131,684,52,65,13326,14595,0,0,0,0
117,4,11.9221,2,35.98,3.02,39.0,341.02,0.0,27936653312,4288364544,32225017856,12,6728,65536,41445376,0,131,684,52,65,13326,14595,0,0,0,0
118,4,12.0247,2,36.2,3.03,39.230000000000004,344.05,0.0,27954974720,4288364544,32243339264,12,6728,65536,41445376,0,131,684,52,65,13326,14595,0,0,0,0
119,4,12.1271,2,36.51,3.04,39.55,346.97,0.0,27981279232,4288364544,32269643776,14,6728,73728,41445376,0,131,688,52,65,13326,14595,0,0,0,0
120,4,12.2299,2,37.15,3.08,40.23,349.57,0.0,27995742208,4288364544,32284106752,14,6840,73728,42511360,0,132,704,52,65,13326,14595,0,0,0,0
121,4,12.3325,2,37.55,3.09,40.64,352.42,0.0,28012843008,4288364544,32301207552,14,6840,73728,42511360,0,132,704,52,65,13326,14595,0,0,0,0
122,4,12.4351,2,38.01,3.13,41.14,355.25,0.0,28043071488,4288364544,32331436032,14,6840,73728,42511360,0,132,704,55,69,13555,14902,0,0,0,0
123,4,12.5377,2,38.5,3.15,41.65,358.08,0.0,28055343104,4288364544,32343707648,14,6840,73728,42511360,0,132,704,55,69,13555,14902,0,0,0,0
124,4,12.6401,2,38.7,3.16,41.86,361.16,0.0,28059906048,4288364544,32348270592,14,6844,73728,42520576,0,133,712,55,69,13555,14902,0,0,0,0
125,4,12.7429,2,38.93,3.18,42.11,364.2,0.0,28069429248,4288364544,32357793792,14,7925,73728,47387648,0,158,720,55,69,13555,14902,0,0,0,0
126,4,12.8454,2,39.22,3.2,42.42,367.16,0.0,28075671552,4288364544,32364036096,14,7979,73728,47859712,0,158,728,55,69,13555,14902,0,0,0,0
127,4,12.9478,2,39.62,3.21,42.83,370.05,0.0,28080865280,4288364544,32369229824,14,7979,73728,47859712,0,158,728,55,69,13555,14902,0,0,0,0
128,4,13.0504,2,40.3,3.22,43.519999999999996,372.66,0.0,28093775872,4288364544,32382140416,14,7981,73728,47860736,0,158,736,55,69,13555,14902,0,0,0,0
129,4,13.153,2,40.66,3.27,43.93,375.53,0.0,28098412544,4288364544,32386777088,14,7981,73728,47860736,0,158,736,57,75,13797,15670,0,0,0,0
130,4,13.2558,2,40.93,3.28,44.21,378.53,0.0,28115955712,4288364544,32404320256,14,7985,73728,47869952,0,158,744,57,75,13797,15670,0,0,0,0
131,4,13.3582,2,41.21,3.29,44.5,381.51,0.0,28136341504,4288364544,32424706048,14,7985,73728,47869952,0,158,744,57,75,13797,15670,0,0,0,0
132,4,13.4607,2,41.57,3.32,44.89,384.39,0.0,28162920448,4288364544,32451284992,14,7985,73728,47869952,0,158,744,57,75,13797,15670,0,0,0,0
133,4,13.5633,2,41.86,3.35,45.21,387.34,0.0,28181499904,4288364544,32469864448,14,7985,73728,47869952,0,158,744,57,75,13797,15670,0,0,0,0
134,4,13.6659,2,42.54,3.37,45.91,389.87,0.0,28209238016,4288364544,32497602560,14,7985,73728,47869952,0,158,744,57,75,13797,15670,0,0,0,0
135,4,13.7688,2,42.91,3.37,46.279999999999994,392.77,0.0,28216627200,4288364544,32504991744,14,7985,73728,47869952,0,158,744,57,75,13797,15670,0,0,0,0
136,4,13.8713,2,43.15,3.39,46.54,395.8,0.0,28225142784,4288364544,32513507328,14,7985,73728,47869952,0,158,744,57,75,13797,15670,0,0,0,0
137,4,13.9737,2,43.46,3.39,46.85,398.77,0.0,28234436608,4288364544,32522801152,14,7985,73728,47869952,0,158,744,57,75,13797,15670,0,0,0,0
138,4,14.0763,2,44.01,3.42,47.43,401.46,0.0,28272926720,4288364544,32561291264,14,7985,73728,47869952,0,158,744,57,75,13797,15670,0,0,0,0
139,4,14.1792,2,44.42,3.42,47.84,404.3,0.0,28307795968,4288364544,32596160512,14,7985,73728,47869952,0,158,744,57,75,13797,15670,0,0,0,0
140,4,14.2818,2,45.13,3.46,48.59,406.86,0.0,28360654848,4288364544,32649019392,14,7985,73728,47869952,0,158,744,57,75,13797,15670,0,0,0,0
141,4,14.3846,2,45.77,3.48,49.25,409.46,0.0,28392394752,4288364544,32680759296,14,7985,73728,47869952,0,158,744,57,75,13797,15670,0,0,0,0
142,4,14.4872,2,46.05,3.49,49.54,412.41,0.0,28454060032,4288364544,32742424576,14,7985,73728,47869952,0,158,744,57,75,13797,15670,0,0,0,0
143,4,14.5898,2,46.37,3.53,49.9,415.35,0.0,28525281280,4288364544,32813645824,16,8023,81920,48264192,0,158,752,57,75,13797,15670,0,0,0,0
144,4,14.6923,2,46.8,3.59,50.39,418.09,0.0,28601298944,4288364544,32889663488,16,8126,81920,49354752,0,159,760,57,75,13797,15670,0,0,0,0
145,4,14.7949,2,47.14,3.61,50.75,421.02,0.0,28644048896,4288364544,32932413440,18,8256,90112,50050048,0,162,772,57,75,13797,15670,0,0,0,0
146,4,14.8975,2,47.53,3.68,51.21,423.84,0.0,28690530304,4288364544,32978894848,18,8305,90112,50505728,0,162,788,67,85,15944,17817,0,0,0,0
147,4,15.0,2,47.91,3.71,51.62,426.69,0.0,28743872512,4288364544,33032237056,18,8305,90112,50505728,0,162,788,67,85,15944,17817,0,0,0,0
148,4,15.1027,2,47.95,3.81,51.760000000000005,429.83,0.0,28743626752,4288364544,33031991296,18,8305,90112,50505728,0,162,788,67,85,15944,17817,0,0,0,0
149,4,15.2051,2,48.16,3.84,52.0,432.85,0.0,28763373568,4288364544,33051738112,18,8305,90112,50505728,0,162,788,68,85,16018,17817,0,0,0,0
150,4,15.3085,2,48.77,3.87,52.64,435.51,0.0,28796862464,4288364544,33085227008,18,8309,90112,50514944,0,162,796,68,85,16018,17817,0,0,0,0
151,4,15.411,2,49.72,3.9,53.62,437.73,0.0,28811309056,4288364544,33099673600,18,8309,90112,50514944,0,162,796,68,85,16018,17817,0,0,0,0
152,4,15.5142,2,51.34,3.99,55.330000000000005,439.28,0.0,28868820992,4288364544,33157185536,18,8309,90112,50514944,0,162,796,68,85,16018,17817,0,0,0,0
153,4,15.6178,2,53.19,4.04,57.23,440.75,0.0,28942352384,4288364544,33230716928,18,8309,90112,50514944,0,162,796,68,85,16018,17817,0,0,0,0
154,4,15.7214,2,56.26,4.08,60.339999999999996,440.9,0.0,29034991616,4288364544,33323356160,18,8309,90112,50514944,0,162,796,68,85,16018,17817,0,0,0,0
155,4,15.8249,2,59.35,4.2,63.550000000000004,441.02,0.0,29191626752,4288364544,33479991296,18,8309,90112,50514944,0,162,796,68,85,16018,17817,0,0,0,0
156,4,15.9304,2,62.51,4.21,66.72,441.2,0.0,29221076992,4288364544,33509441536,18,8309,90112,50514944,0,162,796,68,85,16018,17817,0,0,0,0
157,4,16.0335,2,65.53,4.33,69.86,441.42,0.0,29323780096,4288364544,33612144640,18,8309,90112,50514944,0,162,796,68,85,16018,17817,0,0,0,0
158,4,16.1368,2,68.81,4.34,73.15,441.46,0.0,29329199104,4288364544,33617563648,18,8309,90112,50514944,0,162,796,68,85,16018,17817,0,0,0,0
159,4,16.2404,2,71.14,4.79,75.93,441.98,0.0,29740560384,4288364544,34028924928,18,8309,90112,50514944,0,162,796,69,85,16078,17817,0,0,0,0
160,4,16.3445,2,73.73,5.1,78.83,442.28,0.0,29987643392,4288364544,34276007936,18,8309,90112,50514944,0,162,796,69,85,16078,17817,0,0,0,0
161,4,16.453,2,76.41,5.51,81.92,442.65,0.0,30568509440,4288364544,34856873984,18,8309,90112,50514944,0,162,796,69,85,16078,17817,0,0,0,0
162,4,16.5583,2,79.25,5.82,85.07,442.89,0.0,31023198208,4288364544,35311562752,18,8309,90112,50514944,0,162,796,69,85,16078,17817,0,0,0,0
163,4,16.6639,2,81.87,6.63,88.5,442.92,0.0,32009457664,4288364544,36297822208,18,8309,90112,50514944,0,162,796,69,85,16078,17817,0,0,0,0
164,4,16.7714,2,84.61,7.18,91.78999999999999,442.95,0.0,32471162880,4288364544,36759527424,18,8309,90112,50514944,0,162,796,69,85,16078,17817,0,0,0,0
165,4,16.8786,2,87.46,7.31,94.77,443.45,0.0,32624439296,4288364544,36912803840,18,8424,90112,51752960,0,164,804,70,85,16138,17817,0,0,0,0
166,4,16.9853,2,90.85,7.37,98.22,443.46,0.0,32624439296,4288364544,36912803840,18,8424,90112,51752960,0,164,804,70,85,16138,17817,0,0,0,0
167,4,17.094,2,93.51,7.57,101.08000000000001,444.1,0.0,32784605184,4288364544,37072969728,18,8424,90112,51752960,0,164,804,70,85,16138,17817,0,0,0,0
168,4,17.2011,2,96.72,7.67,104.39,444.25,0.0,32820215808,4288364544,37108580352,18,8424,90112,51752960,0,164,804,70,85,16138,17817,0,0,0,0
169,4,17.3132,2,98.84,8.33,107.17,445.07,0.0,33662869504,4288364544,37951234048,18,8428,90112,51762176,0,164,812,70,85,16138,17817,0,0,0,0
170,4,17.4167,2,101.42,8.59,110.01,445.54,0.0,33913044992,4288364544,38201409536,18,8428,90112,51762176,0,164,812,72,91,16384,18597,0,0,0,0
171,4,17.5226,2,103.83,9.5,113.33,445.54,0.0,35130773504,4288364544,39419138048,18,8428,90112,51762176,0,164,812,74,91,16504,18597,0,0,0,0
172,4,17.6289,2,106.19,10.21,116.4,445.95,0.0,36102840320,4288364544,40391204864,18,8428,90112,51762176,0,164,812,75,91,16564,18597,0,0,0,0
173,4,17.7341,2,109.23,10.33,119.56,446.14,0.0,36176642048,4288364544,40465006592,18,8428,90112,51762176,0,164,812,75,91,16564,18597,0,0,0,0
174,4,17.8416,2,112.61,10.41,123.02,446.14,0.0,36181286912,4288364544,40469651456,18,8472,90112,52111360,0,164,820,75,91,16564,18597,0,0,0,0
175,4,17.95,2,115.03,10.87,125.9,446.72,0.0,36742225920,4288364544,41030590464,18,8472,90112,52111360,0,164,820,75,91,16564,18597,0,0,0,0
176,4,18.0554,2,117.95,10.93,128.88,447.0,0.0,36811673600,4288364544,41100038144,18,8472,90112,52111360,0,164,820,75,91,16564,18597,0,0,0,0
177,4,18.1622,2,121.32,11.02,132.34,447.0,0.0,36820447232,4288364544,41108811776,18,8476,90112,52120576,0,164,828,75,91,16564,18597,0,0,0,0
178,4,18.2683,2,123.64,11.14,134.78,447.98,0.0,36975525888,4288364544,41263890432,18,8476,90112,52120576,0,164,828,78,97,16866,19365,0,0,0,0
179,4,18.371,2,125.93,11.88,137.81,448.23,0.0,37937659904,4288364544,42226024448,18,8476,90112,52120576,0,164,828,78,97,16866,19365,0,0,0,0
180,4,18.4765,2,128.51,12.51,141.01999999999998,448.55,0.0,38942916608,4288364544,43231281152,18,8476,90112,52120576,0,164,828,78,97,16866,19365,0,0,0,0
181,4,18.5803,2,130.77,12.73,143.5,449.35,0.0,39342374912,4288364544,43630739456,18,8476,90112,52120576,0,164,828,78,97,16866,19365,0,0,0,0
182,4,18.6865,2,134.01,12.8,146.81,449.36,0.0,39357341696,4288364544,43645706240,18,8476,90112,52120576,0,164,828,78,97,16866,19365,0,0,0,0
183,4,18.7928,2,136.92,13.22,150.14,449.46,0.0,40048635904,4288364544,44337000448,18,8476,90112,52120576,0,164,828,78,97,16866,19365,0,0,0,0
184,4,18.8974,2,139.43,13.41,152.84,450.1,0.0,40383123456,4288364544,44671488000,20,8476,98304,52120576,1,164,832,78,97,16866,19365,0,0,0,0
185,4,19.0032,2,142.69,13.47,156.16,450.1,0.0,40382058496,4288364544,44670423040,20,8476,98304,52120576,1,164,832,78,97,16866,19365,0,0,0,0
186,4,19.1089,2,146.02,13.5,159.52,450.2,0.0,40406081536,4288364544,44694446080,20,8530,98304,52591616,1,166,840,79,97,16926,19365,0,0,0,0
187,4,19.2147,2,148.79,13.78,162.57,450.41,0.0,40957800448,4288364544,45246164992,20,8530,98304,52591616,1,166,840,79,97,16926,19365,0,0,0,0
188,4,19.319,2,151.51,14.07,165.57999999999998,450.77,0.0,41599041536,4288364544,45887406080,20,8534,98304,52600832,1,166,848,79,97,16926,19365,0,0,0,0
189,4,19.4232,2,154.23,14.4,168.63,451.11,0.0,42253799424,4288364544,46542163968,20,8534,98304,52600832,1,166,848,79,97,16926,19365,0,0,0,0
190,4,19.5285,2,156.85,14.54,171.39,451.78,0.0,42537267200,4288364544,46825631744,20,8534,98304,52600832,1,166,848,79,97,16926,19365,0,0,0,0
191,4,19.6326,2,160.15,14.55,174.70000000000002,451.79,0.0,42539339776,4288364544,46827704320,22,8555,106496,52786176,1,166,856,79,97,16926,19365,0,0,0,0
192,4,19.7365,2,163.43,14.59,178.02,451.82,0.0,42545049600,4288364544,46833414144,22,8555,106496,52786176,1,166,856,79,97,16926,19365,0,0,0,0
193,4,19.84,2,166.59,14.61,181.2,451.83,0.0,42522857472,4288364544,46811222016,24,8619,114688,53397504,1,166,868,79,97,16926,19365,0,0,0,0
194,4,19.9438,2,169.31,14.65,183.96,452.37,0.0,42529669120,4288364544,46818033664,24,8621,114688,53398528,1,166,876,79,97,16926,19365,0,0,0,0
195,4,20.0471,2,172.2,14.67,186.86999999999998,452.78,0.0,42535124992,4288364544,46823489536,24,8689,114688,54111232,1,167,884,84,102,17794,20233,0,0,0,0
196,4,20.1552,2,174.87,14.71,189.58,453.53,0.0,42581684224,4288364544,46870048768,24,8689,114688,54111232,1,167,884,84,102,17794,20233,0,0,0,0
197,4,20.2585,2,178.03,14.75,192.78,453.65,0.0,42708750336,4288364544,46997114880,24,8689,114688,54111232,1,167,884,84,102,17794,20233,0,0,0,0
198,4,20.3618,2,181.17,14.86,196.02999999999997,453.72,0.0,42910859264,4288364544,47199223808,24,8693,114688,54120448,1,167,892,84,102,17794,20233,0,0,0,0
199,4,20.4646,2,183.56,15.04,198.6,454.31,0.0,43192819712,4288364544,47481184256,24,8693,114688,54120448,1,167,892,84,102,17794,20233,0,0,0,0
200,4,20.5688,2,185.75,15.36,201.11,455.15,0.0,43812458496,4288364544,48100823040,24,8693,114688,54120448,1,167,892,84,102,17794,20233,0,0,0,0
201,4,20.6732,2,188.43,15.96,204.39000000000001,455.2,0.0,44833550336,4288364544,49121914880,24,8693,114688,54120448,1,167,892,84,102,17794,20233,0,0,0,0
202,4,20.779,2,191.01,16.71,207.72,455.22,0.0,45946421248,4288364544,50234785792,24,8693,114688,54120448,1,167,892,85,102,17854,20233,0,0,0,0
203,4,20.8842,2,193.61,17.55,211.16000000000003,455.24,0.0,47107125248,4288364544,51395489792,24,8693,114688,54120448,1,167,892,85,102,17854,20233,0,0,0,0
204,4,20.9908,2,196.85,17.63,214.48,455.24,0.0,47114387456,4288364544,51402752000,24,8693,114688,54120448,1,167,892,85,102,17854,20233,0,0,0,0
205,4,21.0981,2,200.25,17.67,217.92000000000002,455.25,0.0,47116451840,4288364544,51404816384,24,8693,114688,54120448,1,167,892,85,102,17854,20233,0,0,0,0
206,4,21.2064,2,203.55,17.82,221.37,455.26,0.0,47149051904,4288364544,51437416448,24,8693,114688,54120448,1,167,892,85,102,17854,20233,0,0,0,0
207,4,21.3134,2,206.63,18.17,224.8,455.37,0.0,47594958848,4288364544,51883323392,24,8693,114688,54120448,1,167,892,85,102,17854,20233,0,0,0,0
208,4,21.4184,2,209.31,18.83,228.14,455.37,0.0,48736047104,4288364544,53024411648,24,8693,114688,54120448,1,167,892,85,102,17854,20233,0,0,0,0
209,4,21.5241,2,212.17,19.41,231.57999999999998,455.37,0.0,49660981248,4288364544,53949345792,24,8693,114688,54120448,1,167,892,85,102,17854,20233,0,0,0,0
210,4,21.6326,2,215.56,19.48,235.04,455.37,0.0,49661755392,4288364544,53950119936,24,8693,114688,54120448,1,167,892,85,102,17854,20233,0,0,0,0
211,4,21.7405,2,218.48,19.51,237.98999999999998,455.87,0.0,49663819776,4288364544,53952184320,24,8693,114688,54120448,1,167,892,85,102,17854,20233,0,0,0,0
212,4,21.8457,2,220.85,19.53,240.38,456.81,0.0,49709752320,4288364544,53998116864,24,8693,114688,54120448,1,167,892,85,102,17854,20233,0,0,0,0
213,4,21.9501,2,223.51,19.66,243.17,457.3,0.0,49781489664,4288364544,54069854208,24,8693,114688,54120448,1,167,892,85,102,17854,20233,0,0,0,0
214,4,22.0567,2,226.89,19.73,246.61999999999998,457.3,0.0,49782521856,4288364544,54070886400,24,8693,114688,54120448,1,167,892,85,102,17854,20233,0,0,0,0
215,4,22.163,2,229.43,19.73,249.16,458.12,0.0,49785360384,4288364544,54073724928,24,8693,114688,54120448,1,167,892,88,105,18038,20431,0,0,0,0
216,4,22.2708,2,232.32,19.76,252.07999999999998,458.66,0.0,49785876480,4288364544,54074241024,24,8693,114688,54120448,1,167,892,89,105,18098,20431,0,0,0,0
217,4,22.3781,2,235.7,19.83,255.52999999999997,458.66,0.0,49785876480,4288364544,54074241024,24,8693,114688,54120448,1,167,892,89,105,18098,20431,0,0,0,0
218,4,22.4847,2,239.04,19.94,258.98,458.66,0.0,49786736640,4288364544,54075101184,24,8693,114688,54120448,1,167,892,89,105,18098,20431,0,0,0,0
219,4,22.5905,2,241.66,19.96,261.62,459.29,0.0,49789345792,4288364544,54077710336,24,8693,114688,54120448,1,167,892,89,105,18098,20431,0,0,0,0
220,4,22.6958,2,244.73,20.04,264.77,459.47,0.0,49793331200,4288364544,54081695744,24,8693,114688,54120448,1,167,892,89,105,18098,20431,0,0,0,0
221,4,22.8028,2,248.05,20.17,268.22,459.47,0.0,49791750144,4288364544,54080114688,24,8807,114688,55341056,1,168,900,90,105,18158,20431,0,0,0,0
222,4,22.9099,2,250.76,20.23,270.99,460.18,0.0,49815699456,4288364544,54104064000,26,8807,122880,55341056,1,168,904,90,105,18158,20431,0,0,0,0
223,4,23.0156,2,253.07,20.97,274.03999999999996,460.46,0.0,50780508160,4288364544,55068872704,26,8847,122880,55651328,1,169,920,90,105,18158,20431,0,0,0,0
224,4,23.1218,2,255.6,21.89,277.49,460.47,0.0,52080066560,4288364544,56368431104,26,8886,122880,55977984,1,170,928,96,111,20214,22487,0,0,0,0
225,4,23.2278,2,258.84,21.98,280.82,460.47,0.0,52139417600,4288364544,56427782144,26,8886,122880,55977984,1,170,928,96,111,20214,22487,0,0,0,0
226,4,23.3331,2,262.24,22.03,284.27,460.47,0.0,52140974080,4288364544,56429338624,28,8886,131072,55977984,1,170,932,96,111,20214,22487,0,0,0,0
227,4,23.4384,2,265.32,22.09,287.40999999999997,460.6,0.0,52145356800,4288364544,56433721344,28,8890,131072,55987200,1,170,940,96,111,20214,22487,0,0,0,0
228,4,23.5437,2,267.81,22.12,289.93,461.4,0.0,52144054272,4288364544,56432418816,28,8947,131072,56512512,1,171,948,100,114,20458,22685,0,0,0,0
229,4,23.6482,2,271.23,22.15,293.38,461.41,0.0,52144287744,4288364544,56432652288,28,8947,131072,56512512,1,171,948,100,114,20458,22685,0,0,0,0
230,4,23.752,2,274.43,22.15,296.58,461.41,0.0,52143570944,4288364544,56431935488,28,8947,131072,56512512,1,171,948,100,114,20458,22685,0,0,0,0
231,4,23.8559,2,277.48,22.19,299.67,461.62,0.0,52145205248,4288364544,56433569792,28,8951,131072,56521728,1,171,956,100,114,20458,22685,0,0,0,0
232,4,23.9598,2,280.67,22.25,302.92,461.75,0.0,52152590336,4288364544,56440954880,28,8951,131072,56521728,1,171,956,100,114,20458,22685,0,0,0,0
233,4,24.0646,2,283.87,22.35,306.22,461.82,0.0,52159918080,4288364544,56448282624,28,8951,131072,56521728,1,171,956,100,114,20458,22685,0,0,0,0
234,4,24.1693,2,287.13,22.39,309.52,461.92,0.0,52157214720,4288364544,56445579264,28,8951,131072,56521728,1,171,956,100,114,20458,22685,0,0,0,0
235,4,24.2748,2,290.41,22.43,312.84000000000003,461.93,0.0,52157755392,4288364544,56446119936,28,8951,131072,56521728,1,171,956,104,114,21758,22685,0,0,0,0
236,4,24.3822,2,293.33,22.46,315.78999999999996,462.46,0.0,52157620224,4288364544,56445984768,28,8951,131072,56521728,1,171,956,104,114,21758,22685,0,0,0,0
237,4,24.4897,2,296.11,22.47,318.58000000000004,463.15,0.0,52157194240,4288364544,56445558784,28,8951,131072,56521728,1,171,956,104,114,21758,22685,0,0,0,0
238,4,24.597,2,299.4,22.62,322.02,463.16,0.0,52158795776,4288364544,56447160320,28,8951,131072,56521728,1,171,956,104,114,21758,22685,0,0,0,0
239,4,24.704,2,302.76,22.71,325.46999999999997,463.16,0.0,52158496768,4288364544,56446861312,28,8951,131072,56521728,1,171,956,104,114,21758,22685,0,0,0,0
240,4,24.8101,2,306.0,22.78,328.78,463.17,0.0,52160135168,4288364544,56448499712,30,8974,139264,56731648,1,171,968,104,114,21758,22685,0,0,0,0
241,4,24.9177,2,309.35,22.88,332.23,463.17,0.0,52120403968,4288364544,56408768512,30,8974,139264,56731648,1,171,968,104,114,21758,22685,0,0,0,0
242,4,25.025,2,312.02,22.95,334.96999999999997,463.93,0.0,52120920064,4288364544,56409284608,32,9814,147456,153469952,1,198,996,104,114,21758,22685,0,0,0,0
243,4,25.1315,2,314.89,23.03,337.91999999999996,464.38,0.0,52126167040,4288364544,56414531584,32,10292,147456,380538880,1,9300,1096,104,114,21758,22685,0,0,0,0
244,4,25.2403,2,317.38,23.35,340.73,465.09,0.0,52415324160,4288364544,56703688704,32,10384,147456,381546496,1,9302,1104,114,124,23905,24832,0,0,0,0
245,4,25.3466,2,319.8,23.92,343.72,465.37,0.0,53171163136,4288364544,57459527680,32,10384,147456,381546496,1,9302,1104,114,124,23905,24832,0,0,0,0
246,4,25.4529,2,323.06,23.97,347.03,465.54,0.0,53172453376,4288364544,57460817920,32,10384,147456,381546496,1,9302,1104,114,124,23905,24832,0,0,0,0
247,4,25.5607,2,326.09,24.07,350.15999999999997,465.89,0.0,53172969472,4288364544,57461334016,32,10384,147456,381546496,1,9302,1104,114,124,23905,24832,0,0,0,0
248,4,25.6728,2,329.12,24.31,353.43,466.25,0.0,53173641216,4288364544,57462005760,32,10388,147456,381555712,1,9302,1112,114,124,23905,24832,0,0,0,0
249,4,25.7805,2,332.17,24.35,356.52000000000004,466.65,0.0,53173506048,4288364544,57461870592,32,10388,147456,381555712,1,9302,1112,114,124,23905,24832,0,0,0,0
250,4,25.8876,2,335.03,24.41,359.44,467.02,0.0,53173764096,4288364544,57462128640,32,10398,147456,381589504,1,9302,1120,114,124,23905,24832,0,0,0,0
251,4,25.9934,2,337.96,24.74,362.7,467.12,0.0,53539708928,4288364544,57828073472,32,10407,147456,381638656,1,9302,1128,114,124,23905,24832,0,0,0,0
252,4,26.0995,2,340.65,24.78,365.42999999999995,467.58,0.0,53544095744,4288364544,57832460288,32,10407,147456,381638656,1,9302,1128,114,124,23905,24832,0,0,0,0
253,4,26.207,2,343.52,24.82,368.34,468.02,0.0,53544353792,4288364544,57832718336,32,10407,147456,381638656,1,9302,1128,114,124,23905,24832,0,0,0,0
254,4,26.3144,2,346.91,24.89,371.8,468.02,0.0,53544353792,4288364544,57832718336,32,10411,147456,381647872,1,9302,1136,114,124,23905,24832,0,0,0,0
255,4,26.4216,2,349.83,24.93,374.76,468.55,0.0,53544353792,4288364544,57832718336,32,10411,147456,381647872,1,9302,1136,114,124,23905,24832,0,0,0,0
256,4,26.5284,2,353.21,25.0,378.21,468.56,0.0,53544353792,4288364544,57832718336,32,10411,147456,381647872,1,9302,1136,114,124,23905,24832,0,0,0,0
257,4,26.6357,2,356.47,25.07,381.54,468.56,0.0,53544353792,4288364544,57832718336,32,10411,147456,381647872,1,9302,1136,114,124,23905,24832,0,0,0,0
258,4,26.7425,2,359.18,25.11,384.29,469.3,0.0,53569650688,4288364544,57858015232,32,10411,147456,381647872,1,9302,1136,114,124,23905,24832,0,0,0,0
259,4,26.8482,2,362.19,25.56,387.75,469.3,0.0,54223028224,4288364544,58511392768,32,10411,147456,381647872,1,9302,1136,114,124,23905,24832,0,0,0,0
260,4,26.9547,2,365.49,25.59,391.08,469.3,0.0,54225608704,4288364544,58513973248,32,10411,147456,381647872,1,9302,1136,114,124,23905,24832,0,0,0,0
261,4,27.0597,2,368.79,25.62,394.41,469.3,0.0,54248316928,4288364544,58536681472,32,10411,147456,381647872,1,9302,1136,114,124,23905,24832,0,0,0,0
262,4,27.1638,2,372.08,25.65,397.72999999999996,469.3,0.0,54257364992,4288364544,58545729536,34,10411,155648,381647872,1,9302,1140,114,124,23905,24832,0,0,0,0
263,4,27.2679,2,374.46,25.85,400.31,470.04,0.0,54419271680,4288364544,58707636224,34,10525,155648,382738432,1,9303,1156,114,124,23905,24832,0,0,0,0
264,4,27.3721,2,377.89,25.88,403.77,470.04,0.0,54419529728,4288364544,58707894272,34,10525,155648,382738432,1,9303,1156,114,124,23905,24832,0,0,0,0
265,4,27.4761,2,380.92,25.91,406.83000000000004,470.24,0.0,54426509312,4288364544,58714873856,34,10525,155648,382738432,1,9303,1156,116,130,24147,25600,0,0,0,0
266,4,27.5798,2,384.02,25.96,409.97999999999996,470.29,0.0,54463012864,4288364544,58751377408,34,10525,155648,382738432,1,9303,1156,119,133,25358,27852,0,0,0,0
267,4,27.6828,2,387.09,26.06,413.15,470.35,0.0,54495637504,4288364544,58784002048,34,10525,155648,382738432,1,9303,1156,119,133,25358,27852,0,0,0,0
268,4,27.7897,2,390.43,26.13,416.56,470.41,0.0,54502453248,4288364544,58790817792,34,10529,155648,382747648,1,9303,1164,119,133,25358,27852,0,0,0,0
269,4,27.896,2,392.83,26.29,419.12,471.25,0.0,54761857024,4288364544,59050221568,34,10529,155648,382747648,1,9303,1164,119,133,25358,27852,0,0,0,0
270,4,27.9998,2,395.64,26.36,422.0,471.45,0.0,54762110976,4288364544,59050475520,34,10529,155648,382747648,1,9303,1164,119,133,25358,27852,0,0,0,0
271,4,28.1061,2,398.43,26.46,424.89,471.97,0.0,54820597760,4288364544,59108962304,34,10529,155648,382747648,1,9303,1164,119,133,25358,27852,0,0,0,0
272,4,28.2112,2,401.55,26.57,428.12,472.13,0.0,54830071808,4288364544,59118436352,34,10633,155648,383834112,1,9304,1172,120,133,25418,27852,0,0,0,0
273,4,28.318,2,404.93,26.65,431.58,472.13,0.0,54830071808,4288364544,59118436352,34,10633,155648,383834112,1,9304,1172,120,133,25418,27852,0,0,0,0
274,4,28.4249,2,407.45,26.91,434.36,472.82,0.0,54955970560,4288364544,59244335104,34,10633,155648,383834112,1,9304,1172,123,136,27502,29000,0,0,0,0
275,4,28.5305,2,410.04,27.65,437.69,472.82,0.0,55919005696,4288364544,60207370240,34,10637,155648,383843328,1,9304,1180,123,136,27502,29000,0,0,0,0
276,4,28.6375,2,413.4,27.75,441.15,472.82,0.0,55919779840,4288364544,60208144384,34,10637,155648,383843328,1,9304,1180,123,136,27502,29000,0,0,0,0
277,4,28.7445,2,416.71,27.89,444.59999999999997,472.82,0.0,55922065408,4288364544,60210429952,34,10637,155648,383843328,1,9304,1180,123,136,27502,29000,0,0,0,0
278,4,28.851,2,419.07,27.96,447.03,473.63,0.0,55957671936,4288364544,60246036480,34,10637,155648,383843328,1,9304,1180,123,136,27502,29000,0,0,0,0
279,4,28.9559,2,422.37,28.05,450.42,473.73,0.0,55968768000,4288364544,60257132544,34,10637,155648,383843328,1,9304,1180,123,136,27502,29000,0,0,0,0
280,4,29.0636,2,425.62,28.13,453.75,473.73,0.0,55972397056,4288364544,60260761600,34,10637,155648,383843328,1,9304,1180,124,136,27562,29000,0,0,0,0
281,4,29.1713,2,428.98,28.22,457.20000000000005,473.73,0.0,55984267264,4288364544,60272631808,34,10637,155648,383843328,1,9304,1180,124,136,27562,29000,0,0,0,0
282,4,29.2787,2,432.17,28.31,460.48,473.93,0.0,56016785408,4288364544,60305149952,34,10637,155648,383843328,1,9304,1180,124,136,27562,29000,0,0,0,0
283,4,29.385,2,434.67,28.39,463.06,474.82,0.0,56119779328,4288364544,60408143872,34,10698,155648,384417792,1,9305,1188,125,137,27636,29074,0,0,0,0
284,4,29.4918,2,437.93,28.46,466.39,474.82,0.0,56123891712,4288364544,60412256256,34,10698,155648,384417792,1,9305,1188,125,137,27636,29074,0,0,0,0
285,4,29.5982,2,441.31,28.53,469.84000000000003,474.82,0.0,56134504448,4288364544,60422868992,34,10698,155648,384417792,1,9305,1188,127,139,27790,29247,0,0,0,0
286,4,29.7039,2,444.68,28.62,473.3,474.82,0.0,56147668992,4288364544,60436033536,34,10702,155648,384427008,1,9305,1196,129,141,28898,30515,0,0,0,0
287,4,29.812,2,447.94,28.7,476.64,474.89,0.0,56163446784,4288364544,60451811328,34,10702,155648,384427008,1,9305,1196,130,141,28958,30515,0,0,0,0
288,4,29.9184,2,450.29,28.81,479.1,475.83,0.0,56310501376,4288364544,60598865920,34,10702,155648,384427008,1,9305,1196,131,143,29072,31083,0,0,0,0
289,4,30.0242,2,453.37,28.88,482.25,476.06,0.0,56351305728,4288364544,60639670272,36,10729,163840,384686080,1,9305,1204,132,144,29154,31149,0,0,0,0
290,4,30.1309,2,456.59,28.98,485.57,476.07,0.0,56372989952,4288364544,60661354496,36,10729,163840,384686080,1,9305,1204,133,144,29220,31149,0,0,0,0
291,4,30.2371,2,459.97,29.05,489.02000000000004,476.07,0.0,56396738560,4288364544,60685103104,36,10781,163840,385132544,1,9306,1212,140,160,29827,32398,0,0,0,0
292,4,30.3424,2,463.21,29.13,492.34,476.09,0.0,56415834112,4288364544,60704198656,36,10781,163840,385132544,1,9306,1212,141,162,29977,32614,0,0,0,0
293,4,30.4467,2,466.52,29.15,495.66999999999996,476.09,0.0,56432254976,4288364544,60720619520,36,10783,163840,385133568,1,9306,1220,143,164,30047,32698,0,0,0,0
294,4,30.5506,2,468.95,29.32,498.27,476.84,0.0,56579543040,4288364544,60867907584,36,10828,163840,385563648,1,9307,1228,150,170,31099,33632,0,0,0,0
295,4,30.6567,2,471.73,29.45,501.18,477.43,0.0,56833921024,4288364544,61122285568,36,10828,163840,385563648,1,9307,1228,151,170,31165,33632,0,0,0,0
296,4,30.7602,2,474.89,29.61,504.5,477.43,0.0,57205936128,4288364544,61494300672,36,10832,163840,385572864,1,9307,1236,152,170,31225,33632,0,0,0,0
297,4,30.8644,2,478.17,29.65,507.82,477.44,0.0,57230413824,4288364544,61518778368,36,10832,163840,385572864,1,9307,1236,152,170,31225,33632,0,0,0,0
298,4,30.9686,2,481.39,29.68,511.07,477.52,0.0,57239097344,4288364544,61527461888,36,10832,163840,385572864,1,9307,1236,152,170,31225,33632,0,0,0,0
299,4,31.0733,2,484.07,29.71,513.78,478.13,0.0,57265156096,4288364544,61553520640,36,10832,163840,385572864,1,9307,1236,152,170,31225,33632,0,0,0,0
300,4,31.1785,2,486.23,29.91,516.14,479.14,0.0,57539153920,4288364544,61827518464,36,10832,163840,385572864,1,9307,1236,152,170,31225,33632,0,0,0,0
301,4,31.2865,2,488.5,30.1,518.6,480.16,0.0,57810489344,4288364544,62098853888,36,10832,163840,385572864,1,9307,1236,153,170,31285,33632,0,0,0,0
302,4,31.3908,2,490.52,30.13,520.65,481.44,0.0,57811779584,4288364544,62100144128,36,10832,163840,385572864,1,9307,1236,153,170,31285,33632,0,0,0,0
303,4,31.4963,2,492.45,30.15,522.6,482.92,0.0,57810411520,4288364544,62098776064,36,10832,163840,385572864,1,9307,1236,153,170,31285,33632,0,0,0,0
304,4,31.6,2,493.96,30.18,524.14,484.65,0.0,57810415616,4288364544,62098780160,36,10832,163840,385572864,1,9307,1236,153,170,31285,33632,0,0,0,0
305,4,31.7052,2,495.53,30.21,525.74,486.43,0.0,57810079744,4288364544,62098444288,36,10832,163840,385572864,1,9307,1236,153,170,31285,33632,0,0,0,0
306,4,31.8093,2,496.78,30.21,526.99,488.5,0.0,57810706432,4288364544,62099070976,36,10832,163840,385572864,1,9307,1236,153,170,31285,33632,0,0,0,0
307,4,31.913,2,498.13,30.31,528.4399999999999,490.41,0.0,57815367680,4288364544,62103732224,38,10832,172032,385572864,2,9307,1240,153,170,31285,33632,0,0,0,0
308,4,32.022,2,500.65,30.33,530.98,491.34,0.0,57815609344,4288364544,62103973888,38,10832,172032,385572864,2,9307,1240,153,170,31285,33632,0,0,0,0
309,4,32.1272,2,501.91,30.34,532.25,493.4,0.0,57815498752,4288364544,62103863296,38,10947,172032,386810880,2,9308,1248,153,170,31285,33632,0,0,0,0
310,4,32.2318,2,503.17,30.34,533.51,495.45,0.0,57815494656,4288364544,62103859200,38,10947,172032,386810880,2,9308,1248,153,170,31285,33632,0,0,0,0
311,4,32.3353,2,504.43,30.34,534.77,497.51,0.0,57814724608,4288364544,62103089152,38,10947,172032,386810880,2,9308,1248,153,170,31285,33632,0,0,0,0
312,4,32.4382,2,505.68,30.36,536.04,499.54,0.0,57814265856,4288364544,62102630400,38,10951,172032,386820096,2,9308,1256,153,170,31285,33632,0,0,0,0
313,4,32.5414,2,506.33,30.39,536.72,502.14,0.0,57814376448,4288364544,62102740992,38,10951,172032,386820096,2,9308,1256,153,170,31285,33632,0,0,0,0
314,4,32.6441,2,507.53,30.41,537.9399999999999,504.15,0.0,57816440832,4288364544,62104805376,38,10951,172032,386820096,2,9308,1256,153,170,31285,33632,0,0,0,0
315,4,32.7478,2,510.05,30.45,540.5,504.84,0.0,57839017984,4288364544,62127382528,38,10951,172032,386820096,2,9308,1256,153,170,31285,33632,0,0,0,0
316,4,32.851,2,513.13,30.49,543.62,505.01,0.0,57865355264,4288364544,62153719808,38,10951,172032,386820096,2,9308,1256,153,170,31285,33632,0,0,0,0
317,4,32.9545,2,516.43,30.52,546.9499999999999,505.02,0.0,57911554048,4288364544,62199918592,38,10951,172032,386820096,2,9308,1256,153,170,31285,33632,0,0,0,0
318,4,33.0582,2,519.7,30.53,550.23,505.05,0.0,57934540800,4288364544,62222905344,38,10951,172032,386820096,2,9308,1256,153,170,31285,33632,0,0,0,0
319,4,33.162,2,522.89,30.53,553.42,505.17,0.0,57947967488,4288364544,62236332032,38,11050,172032,387845120,2,9309,1264,153,170,31285,33632,0,0,0,0
320,4,33.2654,2,526.11,30.54,556.65,505.37,0.0,57970671616,4288364544,62259036160,38,11050,172032,387845120,2,9309,1264,153,170,31285,33632,0,0,0,0
321,4,33.3692,2,529.18,30.55,559.7299999999999,505.55,0.0,57973764096,4288364544,62262128640,38,11050,172032,387845120,2,9309,1264,153,170,31285,33632,0,0,0,0
322,4,33.4732,2,532.41,30.59,563.0,505.61,0.0,57971953664,4288364544,62260318208,38,11050,172032,387845120,2,9309,1264,155,172,31355,33716,0,0,0,0
323,4,33.5773,2,535.62,30.62,566.24,505.64,0.0,58002403328,4288364544,62290767872,38,11050,172032,387845120,2,9309,1264,155,172,31355,33716,0,0,0,0
324,4,33.68,2,537.94,30.81,568.75,506.49,0.0,58120327168,4288364544,62408691712,38,11054,172032,387854336,2,9309,1272,155,172,31355,33716,0,0,0,0
325,4,33.7869,2,540.25,31.0,571.25,507.34,0.0,58420178944,4288364544,62708543488,38,11054,172032,387854336,2,9309,1272,155,172,31355,33716,0,0,0,0
326,4,33.8931,2,542.58,31.4,573.98,508.08,0.0,58939367424,4288364544,63227731968,38,11054,172032,387854336,2,9309,1272,155,172,31355,33716,0,0,0,0
327,4,33.9972,2,545.51,31.53,577.04,508.32,0.0,58941181952,4288364544,63229546496,38,11054,172032,387854336,2,9309,1272,155,172,31355,33716,0,0,0,0
328,4,34.101,2,548.4,31.54,579.9399999999999,508.62,0.0,58941698048,4288364544,63230062592,38,11054,172032,387854336,2,9309,1272,155,172,31355,33716,0,0,0,0
329,4,34.2045,2,551.13,31.59,582.72,509.19,0.0,58947817472,4288364544,63236182016,38,11054,172032,387854336,2,9309,1272,155,172,31355,33716,0,0,0,0
330,4,34.3079,2,553.11,31.79,584.9,510.13,0.0,58961793024,4288364544,63250157568,38,11054,172032,387854336,2,9309,1272,155,172,31355,33716,0,0,0,0
331,4,34.4113,2,555.7,31.85,587.5500000000001,510.75,0.0,58987712512,4288364544,63276077056,38,11054,172032,387854336,2,9309,1272,155,172,31355,33716,0,0,0,0
332,4,34.5212,2,558.28,31.87,590.15,511.72,0.0,58989613056,4288364544,63277977600,38,11054,172032,387854336,2,9309,1272,155,172,31355,33716,0,0,0,0
333,4,34.628,2,560.87,31.94,592.8100000000001,512.28,0.0,59075563520,4288364544,63363928064,38,11054,172032,387854336,2,9309,1272,155,172,31355,33716,0,0,0,0
334,4,34.7319,2,563.86,32.06,595.9200000000001,512.5,0.0,59257753600,4288364544,63546118144,38,11054,172032,387854336,2,9309,1272,155,172,31355,33716,0,0,0,0
335,4,34.8359,2,566.97,32.13,599.1,512.64,0.0,59370389504,4288364544,63658754048,38,11054,172032,387854336,2,9309,1272,155,172,31355,33716,0,0,0,0
336,4,34.939,2,570.15,32.2,602.35,512.71,0.0,59372457984,4288364544,63660822528,38,11054,172032,387854336,2,9309,1272,156,172,31415,33716,0,0,0,0
337,4,35.0434,2,573.19,32.25,605.44,513.0,0.0,59376283648,4288364544,63664648192,38,11886,172032,391431168,2,9339,1280,162,178,33471,35772,0,0,0,0
338,4,35.1545,2,576.34,32.29,608.63,513.32,0.0,59381899264,4288364544,63670263808,38,11886,172032,391431168,2,9339,1280,162,178,33471,35772,0,0,0,0
339,4,35.2589,2,579.61,32.34,611.95,513.32,0.0,59394080768,4288364544,63682445312,40,11912,180224,391701504,2,9340,1288,162,178,33471,35772,0,0,0,0
340,4,35.3634,2,582.73,32.4,615.13,513.54,0.0,59400228864,4288364544,63688593408,40,11912,180224,391701504,2,9340,1288,162,178,33471,35772,0,0,0,0
341,4,35.4678,2,585.96,32.49,618.45,513.58,0.0,59388751872,4288364544,63677116416,40,12013,180224,392750080,2,9340,1304,162,178,33471,35772,0,0,0,0
342,4,35.5716,2,587.7,32.57,620.2700000000001,515.05,0.0,59396812800,4288364544,63685177344,42,12013,188416,392750080,2,9340,1308,162,178,33471,35772,0,0,0,0
343,4,35.6763,2,590.67,32.6,623.27,515.36,0.0,59391062016,4288364544,63679426560,42,12109,188416,393748480,2,9342,1324,172,188,35618,37919,0,0,0,0
344,4,35.7798,2,593.83,32.62,626.45,515.39,0.0,59390529536,4288364544,63678894080,42,12109,188416,393748480,2,9342,1324,172,188,35618,37919,0,0,0,0
345,4,35.8835,2,597.13,32.63,629.76,515.4,0.0,59390701568,4288364544,63679066112,42,12109,188416,393748480,2,9342,1324,174,194,35860,38687,0,0,0,0
346,4,35.9873,2,600.36,32.68,633.04,515.44,0.0,59392032768,4288364544,63680397312,42,12109,188416,393748480,2,9342,1324,174,194,35860,38687,0,0,0,0
347,4,36.0919,2,603.65,32.69,636.3399999999999,515.45,0.0,59393208320,4288364544,63681572864,42,12113,188416,393757696,2,9342,1332,174,194,35860,38687,0,0,0,0
348,4,36.1963,2,606.78,32.71,639.49,515.68,0.0,59393634304,4288364544,63681998848,42,12113,188416,393757696,2,9342,1332,174,194,35860,38687,0,0,0,0
349,4,36.3044,2,609.29,32.72,642.01,516.6,0.0,59393847296,4288364544,63682211840,42,12113,188416,393757696,2,9342,1332,174,194,35860,38687,0,0,0,0
350,4,36.4117,2,611.81,32.73,644.54,517.35,0.0,59395235840,4288364544,63683600384,42,12113,188416,393757696,2,9342,1332,174,194,35860,38687,0,0,0,0
351,4,36.5157,2,614.9,32.85,647.75,517.46,0.0,59395923968,4288364544,63684288512,42,12113,188416,393757696,2,9342,1332,174,194,35860,38687,0,0,0,0
352,4,36.6202,2,618.18,32.93,651.1099999999999,517.53,0.0,59393519616,4288364544,63681884160,42,12113,188416,393757696,2,9342,1332,174,194,35860,38687,0,0,0,0
353,4,36.7249,2,621.18,32.97,654.15,517.84,0.0,59393925120,4288364544,63682289664,42,12113,188416,393757696,2,9342,1332,174,194,35860,38687,0,0,0,0
354,4,36.8326,2,623.84,32.99,656.83,518.57,0.0,59388567552,4288364544,63676932096,42,12113,188416,393757696,2,9342,1332,174,194,35860,38687,0,0,0,0
355,4,36.9374,2,627.14,33.0,660.14,518.57,0.0,59396427776,4288364544,63684792320,42,12113,188416,393757696,2,9342,1332,174,194,35860,38687,0,0,0,0
356,4,37.0426,2,630.42,33.05,663.4699999999999,518.57,0.0,59394617344,4288364544,63682981888,42,12113,188416,393757696,2,9342,1332,174,194,35860,38687,0,0,0,0
357,4,37.1474,2,633.23,33.09,666.32,519.01,0.0,59394347008,4288364544,63682711552,42,12113,188416,393757696,2,9342,1332,174,194,35860,38687,0,0,0,0
358,4,37.2556,2,636.13,33.18,669.31,519.32,0.0,59546927104,4288364544,63835291648,42,12113,188416,393757696,2,9342,1332,174,194,35860,38687,0,0,0,0
359,4,37.3608,2,639.49,33.22,672.71,519.36,0.0,59551866880,4288364544,63840231424,42,12113,188416,393757696,2,9342,1332,177,197,36044,38885,0,0,0,0
360,4,37.4654,2,642.72,33.26,675.98,519.41,0.0,59550617600,4288364544,63838982144,42,12113,188416,393757696,2,9342,1332,177,197,36044,38885,0,0,0,0
361,4,37.5701,2,646.0,33.3,679.3,519.41,0.0,59550580736,4288364544,63838945280,42,12113,188416,393757696,2,9342,1332,180,200,36228,39083,0,0,0,0
362,4,37.6751,2,648.57,33.31,681.8800000000001,520.19,0.0,59549728768,4288364544,63838093312,42,12113,188416,393757696,2,9342,1332,180,200,36228,39083,0,0,0,0
363,4,37.7868,2,651.45,33.33,684.7800000000001,520.81,0.0,59552567296,4288364544,63840931840,42,12113,188416,393757696,2,9342,1332,180,200,36228,39083,0,0,0,0
364,4,37.8911,2,654.64,33.39,688.03,520.88,0.0,59556532224,4288364544,63844896768,44,12113,196608,393757696,2,9342,1336,180,200,36228,39083,0,0,0,0
365,4,37.9957,2,657.84,33.45,691.2900000000001,520.93,0.0,59549581312,4288364544,63837945856,44,12247,196608,395241472,2,9342,1344,180,200,36228,39083,0,0,0,0
366,4,38.1007,2,661.11,33.57,694.6800000000001,520.98,0.0,59553640448,4288364544,63842004992,44,12247,196608,395241472,2,9342,1344,180,200,36228,39083,0,0,0,0
367,4,38.2051,2,663.54,33.59,697.13,521.84,0.0,59551801344,4288364544,63840165888,44,12247,196608,395241472,2,9342,1344,180,200,36228,39083,0,0,0,0
368,4,38.3129,2,666.35,33.61,699.96,522.5,0.0,59550060544,4288364544,63838425088,44,12325,196608,396048384,2,9344,1352,180,200,36228,39083,0,0,0,0
369,4,38.4169,2,669.57,33.67,703.24,522.54,0.0,59554586624,4288364544,63842951168,44,12325,196608,396048384,2,9344,1352,180,200,36228,39083,0,0,0,0
370,4,38.5215,2,672.72,33.77,706.49,522.62,0.0,59551707136,4288364544,63840071680,44,12329,196608,396057600,2,9344,1360,180,200,36228,39083,0,0,0,0
371,4,38.627,2,675.79,33.83,709.62,522.75,0.0,59551662080,4288364544,63840026624,44,12329,196608,396057600,2,9344,1360,180,200,36228,39083,0,0,0,0
372,4,38.7359,2,678.28,33.83,712.11,523.71,0.0,59553853440,4288364544,63842217984,44,12329,196608,396057600,2,9344,1360,180,200,36228,39083,0,0,0,0
373,4,38.8397,2,681.41,33.89,715.3,523.79,0.0,59557830656,4288364544,63846195200,46,12329,204800,396057600,2,9344,1368,180,200,36228,39083,0,0,0,0
374,4,38.9439,2,684.72,33.91,718.63,523.79,0.0,59555024896,4288364544,63843389440,46,12329,204800,396057600,2,9344,1368,180,200,36228,39083,0,0,0,0
375,4,39.0479,2,688.0,33.95,721.95,523.79,0.0,59559366656,4288364544,63847731200,46,12329,204800,396057600,2,9344,1368,180,200,36228,39083,0,0,0,0
376,4,39.1522,2,691.26,33.99,725.25,523.96,0.0,59556098048,4288364544,63844462592,46,12329,204800,396057600,2,9344,1368,180,200,36228,39083,0,0,0,0
377,4,39.2612,2,693.74,33.99,727.73,524.93,0.0,59556077568,4288364544,63844442112,46,12329,204800,396057600,2,9344,1368,180,200,36228,39083,0,0,0,0
378,4,39.366,2,696.87,34.05,730.92,525.01,0.0,59677138944,4288364544,63965503488,48,12329,212992,396057600,2,9344,1372,180,200,36228,39083,0,0,0,0
379,4,39.4696,2,700.13,34.07,734.2,525.06,0.0,59682557952,4288364544,63970922496,48,12329,212992,396057600,2,9344,1372,180,200,36228,39083,0,0,0,0
380,4,39.5735,2,703.35,34.09,737.44,525.13,0.0,59679666176,4288364544,63968030720,48,12447,212992,397316096,2,9344,1388,180,200,36228,39083,0,0,0,0
381,4,39.6778,2,706.57,34.18,740.75,525.14,0.0,59682091008,4288364544,63970455552,48,12447,212992,397316096,2,9344,1388,184,200,37528,39083,0,0,0,0
382,4,39.7818,2,709.85,34.22,744.07,525.16,0.0,59681095680,4288364544,63969460224,48,12447,212992,397316096,2,9344,1388,184,200,37528,39083,0,0,0,0
383,4,39.8859,2,712.91,34.27,747.18,525.37,0.0,59647381504,4288364544,63935746048,48,12447,212992,397316096,2,9344,1388,184,200,37528,39083,0,0,0,0
384,4,39.9937,2,715.42,34.28,749.6999999999999,526.3,0.0,59646570496,4288364544,63934935040,48,12451,212992,397325312,2,9344,1396,184,200,37528,39083,0,0,0,0
385,4,40.1014,2,717.98,34.31,752.29,527.19,0.0,59647209472,4288364544,63935574016,48,12451,212992,397325312,2,9344,1396,184,200,37528,39083,0,0,0,0
386,4,40.2062,2,720.55,34.33,754.88,527.87,0.0,59649429504,4288364544,63937794048,48,12451,212992,397325312,2,9344,1396,184,200,37528,39083,0,0,0,0
387,4,40.3148,2,723.87,34.39,758.26,527.98,0.0,59659608064,4288364544,63947972608,48,12451,212992,397325312,2,9344,1396,185,200,37588,39083,0,0,0,0
388,4,40.4188,2,727.17,34.42,761.5899999999999,527.99,0.0,59663175680,4288364544,63951540224,48,12470,212992,397486080,2,9345,1404,185,200,37588,39083,0,0,0,0
389,4,40.5225,2,730.39,34.49,764.88,528.01,0.0,59670470656,4288364544,63958835200,50,12470,221184,397486080,2,9345,1408,185,200,37588,39083,0,0,0,0
390,4,40.6261,2,733.24,34.53,767.77,528.42,0.0,59665477632,4288364544,63953842176,50,12567,221184,398486528,2,9346,1424,185,200,37588,39083,0,0,0,0
391,4,40.7297,2,736.51,34.57,771.08,528.44,0.0,59673260032,4288364544,63961624576,50,12567,221184,398486528,2,9346,1424,185,200,37588,39083,0,0,0,0
392,4,40.8338,2,739.75,34.62,774.37,528.49,0.0,59675344896,4288364544,63963709440,50,12569,221184,398487552,2,9346,1432,190,205,38456,39951,0,0,0,0
393,4,40.9377,2,742.97,34.65,777.62,528.55,0.0,59674357760,4288364544,63962722304,50,12649,221184,399330304,2,9347,1440,190,205,38456,39951,0,0,0,0
394,4,41.0414,2,745.31,34.67,779.9799999999999,529.44,0.0,59718561792,4288364544,64006926336,50,12649,221184,399330304,2,9347,1440,190,205,38456,39951,0,0,0,0
395,4,41.1478,2,747.75,34.77,782.52,530.31,0.0,59765153792,4288364544,64053518336,50,12653,221184,399339520,2,9347,1448,190,205,38456,39951,0,0,0,0
396,4,41.2518,2,750.7,34.88,785.58,530.67,0.0,59858362368,4288364544,64146726912,50,12653,221184,399339520,2,9347,1448,190,205,38456,39951,0,0,0,0
397,4,41.3564,2,753.91,34.9,788.81,530.96,0.0,59863068672,4288364544,64151433216,50,12653,221184,399339520,2,9347,1448,190,205,38456,39951,0,0,0,0
398,4,41.4609,2,757.02,34.93,791.9499999999999,531.18,0.0,59866562560,4288364544,64154927104,50,12653,221184,399339520,2,9347,1448,191,206,38516,40001,0,0,0,0
399,4,41.5657,2,759.38,34.97,794.35,532.11,0.0,59911520256,4288364544,64199884800,50,12653,221184,399339520,2,9347,1448,193,208,38636,40101,0,0,0,0
400,4,41.6697,2,762.65,34.98,797.63,532.18,0.0,59916492800,4288364544,64204857344,50,12653,221184,399339520,2,9347,1448,193,208,38636,40101,0,0,0,0
401,4,41.7736,2,765.87,35.02,800.89,532.24,0.0,59918405632,4288364544,64206770176,50,12653,221184,399339520,2,9347,1448,193,208,38636,40101,0,0,0,0
402,4,41.8777,2,768.32,35.07,803.3900000000001,532.98,0.0,59964534784,4288364544,64252899328,50,12653,221184,399339520,2,9347,1448,193,208,38636,40101,0,0,0,0
403,4,41.9822,2,770.73,35.15,805.88,533.62,0.0,59979776000,4288364544,64268140544,50,12653,221184,399339520,2,9347,1448,193,208,38636,40101,0,0,0,0
404,4,42.0871,2,773.69,35.19,808.8800000000001,534.02,0.0,59985842176,4288364544,64274206720,50,12653,221184,399339520,2,9347,1448,193,208,38636,40101,0,0,0,0
405,4,42.1919,2,776.25,35.25,811.5,534.72,0.0,59986112512,4288364544,64274477056,50,12653,221184,399339520,2,9347,1448,193,208,38636,40101,0,0,0,0
406,4,42.2961,2,779.09,35.55,814.64,534.91,0.0,60235563008,4288364544,64523927552,52,12653,229376,399339520,2,9347,1452,193,208,38636,40101,0,0,0,0
407,4,42.4006,2,781.31,35.75,817.06,535.82,0.0,60451012608,4288364544,64739377152,52,12763,229376,400491520,2,9348,1468,193,208,38636,40101,0,0,0,0
408,4,42.5058,2,783.85,35.82,819.6700000000001,536.55,0.0,60507029504,4288364544,64795394048,52,12810,229376,400958464,2,9348,1468,195,210,38706,40185,0,0,0,0
409,4,42.6111,2,786.62,35.86,822.48,537.03,0.0,60508917760,4288364544,64797282304,52,12810,229376,400958464,2,9348,1468,195,210,38706,40185,0,0,0,0
410,4,42.7159,2,789.16,35.93,825.0899999999999,537.73,0.0,60512088064,4288364544,64800452608,52,12810,229376,400958464,2,9348,1468,195,210,38706,40185,0,0,0,0
411,4,42.8208,2,791.59,36.0,827.59,538.66,0.0,60510973952,4288364544,64799338496,52,12814,229376,400967680,2,9348,1476,195,210,38706,40185,0,0,0,0
412,4,42.9291,2,793.5,36.03,829.53,540.19,0.0,60513615872,4288364544,64801980416,52,12814,229376,400967680,2,9348,1476,195,210,38706,40185,0,0,0,0
413,4,43.0321,2,795.28,36.04,831.3199999999999,541.76,0.0,60514930688,4288364544,64803295232,52,12814,229376,400967680,2,9348,1476,196,211,38766,40235,0,0,0,0
414,4,43.1367,2,796.34,36.07,832.4100000000001,544.02,0.0,60513947648,4288364544,64802312192,52,12814,229376,400967680,2,9348,1476,197,212,38826,40285,0,0,0,0
415,4,43.2406,2,796.68,36.08,832.76,546.98,0.0,60516196352,4288364544,64804560896,52,12814,229376,400967680,2,9348,1476,198,213,38886,40335,0,0,0,0
416,4,43.3433,2,796.87,36.11,832.98,550.02,0.0,60517482496,4288364544,64805847040,52,12915,229376,401968128,2,9349,1492,198,213,38886,40335,0,0,0,0
417,4,43.4455,2,796.89,36.22,833.11,553.16,0.0,60517445632,4288364544,64805810176,52,12915,229376,401968128,2,9349,1492,201,216,39070,40533,0,0,0,0
418,4,43.548,2,796.92,36.32,833.24,556.31,0.0,60517236736,4288364544,64805601280,52,12915,229376,401968128,2,9349,1492,201,216,39070,40533,0,0,0,0
419,4,43.6504,2,797.0,36.43,833.43,559.4,0.0,60517240832,4288364544,64805605376,52,12919,229376,401977344,2,9349,1500,201,216,39070,40533,0,0,0,0
420,4,43.753,2,797.11,36.53,833.64,562.47,0.0,60517019648,4288364544,64805384192,52,12919,229376,401977344,2,9349,1500,201,216,39070,40533,0,0,0,0
421,4,43.8555,2,797.11,36.63,833.74,565.64,0.0,60517298176,4288364544,64805662720,52,12919,229376,401977344,2,9349,1500,201,216,39070,40533,0,0,0,0
422,4,43.958,2,797.13,36.73,833.86,568.79,0.0,60517793792,4288364544,64806158336,52,12919,229376,401977344,2,9349,1500,201,216,39070,40533,0,0,0,0
423,4,44.0603,2,797.32,36.88,834.2,571.79,0.0,60518817792,4288364544,64807182336,52,12919,229376,401977344,2,9349,1500,201,216,39070,40533,0,0,0,0
424,4,44.1634,2,797.41,36.95,834.36,574.91,0.0,60519088128,4288364544,64807452672,52,12919,229376,401977344,2,9349,1500,201,216,39070,40533,0,0,0,0
425,4,44.2664,2,797.45,36.97,834.4200000000001,578.15,0.0,60518600704,4288364544,64806965248,52,12919,229376,401977344,2,9349,1500,201,216,39070,40533,0,0,0,0
426,4,44.3685,2,797.46,36.98,834.44,581.39,0.0,60519116800,4288364544,64807481344,52,12919,229376,401977344,2,9349,1500,201,216,39070,40533,0,0,0,0
427,4,44.4711,2,797.46,37.01,834.47,584.62,0.0,60037951488,4288364544,64326316032,52,12919,229376,401977344,2,9349,1500,203,222,39312,41301,0,0,0,0
428,4,44.5738,2,797.46,37.12,834.58,587.8,0.0,57966858240,4288364544,62255222784,52,12919,229376,401977344,2,9349,1500,203,222,39312,41301,0,0,0,0
429,4,44.6764,2,797.46,37.22,834.6800000000001,590.98,0.0,55911247872,4288364544,60199612416,52,12919,229376,401977344,2,9349,1500,203,222,39312,41301,0,0,0,0
430,4,44.7791,2,797.46,37.32,834.7800000000001,594.15,0.0,53283287040,4288364544,57571651584,52,12919,229376,401977344,2,9349,1500,203,222,39312,41301,0,0,0,0
431,4,44.8818,2,797.47,37.43,834.9,597.33,0.0,50675970048,4288364544,54964334592,52,12919,229376,401977344,2,9349,1500,203,222,39312,41301,0,0,0,0
432,4,44.9844,2,797.47,37.53,835.0,600.51,0.0,48443338752,4288364544,52731703296,52,12919,229376,401977344,2,9349,1500,203,222,39312,41301,0,0,0,0
433,4,45.0871,2,797.47,37.63,835.1,603.69,0.0,45503655936,4288364544,49792020480,52,12919,229376,401977344,2,9349,1500,203,222,39312,41301,0,0,0,0
434,4,45.1898,2,797.47,37.73,835.2,606.87,0.0,42604228608,4288364544,46892593152,52,12919,229376,401977344,2,9349,1500,203,222,39312,41301,0,0,0,0
435,4,45.2925,2,797.49,37.85,835.34,610.02,0.0,40084647936,4288364544,44373012480,52,12919,229376,401977344,2,9349,1500,203,222,39312,41301,0,0,0,0
436,4,45.3951,2,797.49,37.96,835.45,613.2,0.0,37130174464,4288364544,41418539008,52,12940,229376,402067456,2,9349,1516,203,222,39312,41301,0,0,0,0
437,4,45.4978,2,797.49,38.07,835.5600000000001,616.36,0.0,34220425216,4288364544,38508789760,59,13319,258048,560638976,3,9373,1540,203,222,39312,41301,0,0,0,0
438,4,45.6015,2,797.5,38.22,835.72,619.42,0.08,31330803712,4288364544,35619168256,72,14384,311296,1828908032,5,18380,1748,203,222,39312,41301,0,0,0,0
439,4,45.7038,2,797.5,38.33,835.83,622.35,0.27,28591939584,4288364544,32880304128,72,14814,311296,2321367040,5,39800,1948,203,222,39312,41301,0,0,0,0
440,4,45.8067,2,797.52,38.45,835.97,625.36,0.39,27502936064,4288364544,31791300608,72,15233,311296,2815016960,5,80511,2156,203,222,39312,41301,0,0,0,0
441,4,45.9091,2,797.55,38.47,836.02,628.45,0.47,27487346688,4288364544,31775711232,74,15718,319488,3162926080,5,123456,2308,203,222,39312,41301,0,0,0,0
442,4,46.0121,2,797.56,38.49,836.05,631.68,0.47,27487928320,4288364544,31776292864,74,15801,319488,3163511808,5,123458,2324,213,226,41459,42868,0,0,0,0
443,4,46.1154,2,797.56,38.53,836.0899999999999,634.88,0.49,27488210944,4288364544,31776575488,82,16596,352256,4024967168,5,132299,2508,213,226,41459,42868,0,0,0,0
444,4,46.2184,2,797.57,38.53,836.1,638.09,0.54,27487621120,4288364544,31775985664,82,17181,352256,4516154368,5,167191,2716,213,226,41459,42868,0,0,0,0
